baseMean	log2FoldChange	lfcSE	stat	pvalue	padj
ENSG00000004866	2004.58915162417	4.73465872794169	0.478706324330053	9.89052888442161	4.57603877601944e-23	2.16695047639275e-20
ENSG00000005884	1783.4702999644	2.93602481348781	0.579858905222285	5.06334349105548	4.11966607908355e-07	2.48288529435385e-05
ENSG00000006740	6530.52944163105	3.52073984358148	0.642253870703583	5.48185072006578	4.20899324336277e-08	3.1142791971203e-06
ENSG00000007516	10336.669576495	4.09122908405733	0.778639153556571	5.25433259471981	1.485622022448e-07	9.65596054904044e-06
ENSG00000008300	2291.54344886563	2.59625420620567	0.615010995897527	4.22147607688995	2.42707717471074e-05	0.000960056732545484
ENSG00000011590	4444.54066985894	7.06916554912373	0.516961281520167	13.6744584204377	1.44277463305698e-42	2.17386788802603e-39
ENSG00000015413	30.5187169948954	45.6801285958178	2.46787343607554	18.5099154308575	1.71770107747899e-76	7.11729441453421e-73
ENSG00000017427	67.811720204355	6.78013739549128	1.65333777581877	4.1008785347166	4.1158457043301e-05	0.00153294442030488
ENSG00000026103	1882.09160606635	4.0792846103924	0.696015559282489	5.86091008453556	4.60337203910143e-09	4.10195097720791e-07
ENSG00000031081	2191.29491561862	2.07956902273987	0.566511071282673	3.67083562556225	0.000241758785261524	0.0070173557038958
ENSG00000033327	14911.3994188928	1.86015792344875	0.513862431231443	3.61995314386184	0.000294656368844059	0.00833384753792052
ENSG00000041515	19.456199146316	19.4494708281389	2.08626535031708	9.32262563109857	1.13496234574711e-20	4.08931867791579e-18
ENSG00000043039	2.81722220631873	44.5515192265238	3.7738930249798	11.8051886822527	3.66966878566987e-32	3.20111002387855e-29
ENSG00000047648	294.546766104882	4.67733172750747	0.881200956497891	5.30790586757455	1.10891881512682e-07	7.4729390924082e-06
ENSG00000048540	41.8727315704457	17.1314827703216	2.22491149682691	7.69984909276342	1.36227014714671e-14	2.48112806800106e-12
ENSG00000051128	563.78659337772	6.01949405729942	0.939216952733924	6.4090560117953	1.46423397514599e-10	1.61788092693798e-08
ENSG00000053524	633.926937160863	3.00286296083464	0.740326670449104	4.05613235440109	4.98919945733072e-05	0.00181738443529229
ENSG00000055118	2345.69649496237	4.46061649322077	0.845951006420415	5.27290169213885	1.34283502380785e-07	8.86699110939895e-06
ENSG00000056487	5.2361109758513	15.8340579325949	2.19764507902793	7.20501143869815	5.8038977337652e-13	8.82511936141509e-11
ENSG00000057657	5574.95806529847	3.56498616854755	0.774289365677042	4.60420396634313	4.14046518649439e-06	0.000200655175441398
ENSG00000058866	3031.80682171727	2.79573825076951	0.500916496959008	5.58124611136194	2.38801449617914e-08	1.83235890091079e-06
ENSG00000059377	1709.90043406588	3.06950906653846	0.855885033469077	3.58635674945397	0.000335330136010088	0.00921621198031489
ENSG00000062524	1116.74994140701	4.03039754547781	0.884971505217213	4.55426815633862	5.25682646497339e-06	0.000246817682239289
ENSG00000064205	19.1903497953744	17.3609163165765	3.27520479143779	5.30071168739197	1.15352129248361e-07	7.74026797636571e-06
ENSG00000064393	6552.39673596296	2.26364295528055	0.456973933214003	4.9535494056736	7.28718449036016e-07	4.20848112084027e-05
ENSG00000064655	173.718540324496	5.82044214748278	1.46602369383953	3.9702237910214	7.1805155102414e-05	0.00249845882488075
ENSG00000064787	145.532573500335	4.53549734868871	0.96260173322211	4.71170702498849	2.45650369986031e-06	0.00012723153850464
ENSG00000065308	7227.1335539338	1.95996287106645	0.483641667364679	4.05251036732652	5.06709778562366e-05	0.00184171225216944
ENSG00000067225	53231.2658928376	1.25226669835085	0.329808855491759	3.7969468602766	0.000146489176115061	0.00461580153028712
ENSG00000069667	2198.01948795576	5.77003834050847	0.907700065808848	6.35676756877484	2.06043394549579e-10	2.24668632977942e-08
ENSG00000070388	7.78250763637277	3.39521659336039	0.884147284129498	3.84010294925376	0.000122982726835585	0.00396559477543384
ENSG00000073861	803.225681730075	2.42982828999561	0.377136589050175	6.44283360602899	1.17263235943791e-10	1.33117867981671e-08
ENSG00000074416	1839.60009918583	4.76759849214856	0.870013429168014	5.47991367984719	4.25533392526249e-08	3.12070373793365e-06
ENSG00000075035	50.588770361406	8.04258824148882	1.57778670953783	5.09738622645941	3.44375260109295e-07	2.12509928835675e-05
ENSG00000076513	30038.4616230279	1.16594467322067	0.316600272945687	3.68270267859398	0.000230774258877774	0.00675769004706753
ENSG00000076706	269.003379795229	4.84972129292559	0.968569520935523	5.0070967422569	5.52571580511203e-07	3.27082906264024e-05
ENSG00000076826	152.355446647236	2.64123099114242	0.718092667933456	3.67811998240201	0.000234959434368876	0.0068439677772052
ENSG00000077063	114.3499931263	21.1217404044806	2.51701251898853	8.391591319128	4.7960558706276e-17	1.11957507041946e-14
ENSG00000077943	51.6218623654142	21.2192437821689	1.73874551022903	12.2037662540816	2.96772739150224e-34	2.89335963451519e-31
ENSG00000078399	937.132239356171	5.40797701814782	1.25109593955367	4.32259177507773	1.54206903583381e-05	0.00063895630499774
ENSG00000078900	1536.08766006739	4.99171230258476	0.923274630876006	5.4065303384851	6.42573472942393e-08	4.55128749596035e-06
ENSG00000080561	387.525737631749	3.13539621107714	0.749370045693166	4.1840426223294	2.86370382622091e-05	0.00111154630481933
ENSG00000081052	4489.37230997284	5.57025328131384	0.865197425711132	6.43812974447477	1.20954590494298e-10	1.36374243731463e-08
ENSG00000081059	4795.57579715753	5.13591887334154	0.835617792277309	6.14625361116907	7.93344017192018e-10	8.01761203715885e-08
ENSG00000082175	26.4486540482429	19.9710079356416	4.15122211888428	4.81087433139067	1.50271481713666e-06	8.11270207792282e-05
ENSG00000088280	938.912694251341	3.19925745987903	0.629949869788479	5.07859055666327	3.80245181205139e-07	2.31697927694631e-05
ENSG00000088992	2121.71078452293	5.33624944441971	0.636689500935157	8.38124303382094	5.23716348543114e-17	1.20556593899355e-14
ENSG00000090097	1248.53012610355	1.75784896497232	0.350986912283329	5.00830345364365	5.49119112544507e-07	3.26204307215508e-05
ENSG00000091181	52.8882206374717	3.79677777980263	1.00299900376871	3.78542527513634	0.000153445938821329	0.00477150654788876
ENSG00000099256	92.5906945258048	3.49343214853477	0.831735325711105	4.2001728681513	2.66711266697741e-05	0.00104011118452903
ENSG00000099365	335.833683425138	2.96183553426432	0.654554974919919	4.52496069505343	6.0406731066324e-06	0.000279659542093088
ENSG00000100097	4909.23096888667	4.05941547947387	0.615464364793738	6.59569539957739	4.23267152641334e-11	5.10058257616029e-09
ENSG00000100292	1323.39579238456	3.09475201149371	0.629324862778949	4.91757468126719	8.76230328541462e-07	4.95653292329221e-05
ENSG00000100298	113.816898722122	2.2761916343631	0.624790782430326	3.64312614457774	0.000269346754149726	0.00768356816398892
ENSG00000100473	4113.38822141868	4.79160322740322	0.905549803346567	5.29137459882966	1.21400418454198e-07	8.0483621418395e-06
ENSG00000100678	97.9540766701531	5.02586218505866	1.1228887365873	4.47583275288104	7.6114051685054e-06	0.000342802796909806
ENSG00000101842	99.6771889363296	5.04106582802031	0.895821762482835	5.62730895713968	1.83042708063263e-08	1.437796134332e-06
ENSG00000102595	1516.95702313685	3.929051082603	0.646680737135135	6.07571999130377	1.23432631497249e-09	1.21051623339373e-07
ENSG00000103089	448.187575457122	5.6503881308296	0.84611403009704	6.67804566505246	2.42149594743667e-11	3.0404449873345e-09
ENSG00000103269	330.502394571965	2.44317154080102	0.644583963024579	3.79030767277693	0.000150460796600882	0.00471405906023255
ENSG00000103426	11873.8193481925	1.98068199521142	0.507402029575708	3.90357523178942	9.47820696033335e-05	0.0031418360432113
ENSG00000104321	10.239211005377	19.0119104645849	2.94468753844157	6.45634221505438	1.0726390464679e-10	1.23457774695549e-08
ENSG00000104783	15188.4619327083	2.83700310941669	0.632704402146581	4.4839313584536	7.32802436276655e-06	0.000333666691726628
ENSG00000105492	1058.68590239117	3.34492598325533	0.892494078157991	3.74784109510159	0.000178363189728498	0.00541427015853502
ENSG00000105717	288.889843985527	3.31756542737592	0.836716446853007	3.96498173288417	7.34015679824929e-05	0.00254509955594527
ENSG00000105967	7212.06517861877	5.40974359809144	1.27120001774635	4.25561951114673	2.08470971556236e-05	0.000844791658330821
ENSG00000105996	28.0500598063944	18.0778265764608	2.37641778196668	7.60717526759959	2.80151286799118e-14	4.90615221351816e-12
ENSG00000106034	137.480500932242	3.81305459921004	0.91190635386185	4.18141027646322	2.89706570894602e-05	0.00111925331142358
ENSG00000107518	119.30087186319	4.01208250564804	1.10431993949313	3.63307983688997	0.000280058317752216	0.00795905966729566
ENSG00000107863	4117.85981321412	2.11009504611954	0.562738692780276	3.74968892878926	0.000177054063125812	0.00538439273806827
ENSG00000109861	5215.72226416158	1.3983530460934	0.312486959868505	4.47491647869668	7.64411878062204e-06	0.000343343156287343
ENSG00000110811	49.4409537768164	5.25556719590859	1.31784418502042	3.98800347996159	6.66316865333356e-05	0.00234968845234788
ENSG00000111291	21.3310064870973	5.72208937241431	1.36069275157796	4.20527658854547	2.60763062873461e-05	0.0010207230785972
ENSG00000111664	192.33142749122	6.54648291459866	1.10876703460447	5.90429072139037	3.54167137232587e-09	3.26109229582939e-07
ENSG00000112319	18.305400982591	18.885951695024	2.22231109028316	8.49833840887576	1.92323738784271e-17	4.82965704031896e-15
ENSG00000112812	332.065333320966	4.81324652888494	0.971195414989824	4.95600211306123	7.19584335305377e-07	4.18469851696538e-05
ENSG00000113645	260.17718988235	4.31822359817953	1.09021268865571	3.96090014646971	7.46677542299436e-05	0.00257285521539935
ENSG00000114107	1833.18712693123	1.60966221487657	0.430839206230163	3.73610895108896	0.000186889718921522	0.00561143152428497
ENSG00000115129	855.981826818139	2.13408392155526	0.557424048974506	3.82847479487356	0.000128939832886405	0.00414960930147434
ENSG00000115705	8.88730741064043	37.4710393255076	3.57827997972881	10.4718019656884	1.16405727333422e-25	6.89038758865763e-23
ENSG00000116017	2749.25228427532	2.02980633891192	0.420678158205305	4.82508135808968	1.39946128605477e-06	7.65500704787848e-05
ENSG00000116661	361.139139818954	1.77618092688432	0.485964946680803	3.65495688323992	0.000257225203926844	0.00738864909858496
ENSG00000116815	1611.82035660721	1.5026885728538	0.353212397971022	4.25434832266868	2.09658718724296e-05	0.000847532586374752
ENSG00000119698	20.4908355716676	6.58223433422763	1.53007446332509	4.30190457523447	1.69336240961434e-05	0.00069469773705317
ENSG00000120075	7.32704166131354	19.4719357201684	2.11579101758783	9.20314698299831	3.476169263011e-20	1.20029227844051e-17
ENSG00000120833	1274.69488127944	3.45669866318895	0.837407092315289	4.12785931109297	3.66156014652327e-05	0.0013855410472255
ENSG00000120875	961.439835078185	3.46965636899363	0.832013769638111	4.17019104203381	3.04344401533847e-05	0.00117307072349349
ENSG00000121594	2254.01909014175	4.6382930513865	1.0612019232148	4.37079216492116	1.23796585785602e-05	0.000522087687738059
ENSG00000121753	72.4774624826745	3.64425518707147	0.971733124572837	3.75026341586683	0.000176648903525982	0.00538194655705812
ENSG00000122592	272.540536254532	17.8038500832679	2.25807861009376	7.88451296765464	3.15764618146668e-15	6.46108985328751e-13
ENSG00000122862	16321.9243169615	1.49444340542802	0.4164417628661	3.58860118913801	0.000332456955389435	0.00921428357629515
ENSG00000123096	968.438329016276	4.82961067303644	0.892309384668969	5.41248445440046	6.21562524822324e-08	4.44042124414017e-06
ENSG00000123989	2063.13047944955	4.1062838946603	0.78375356467179	5.23925386722786	1.61227121222349e-07	1.03572802602295e-05
ENSG00000124191	1188.67660653175	4.07593317997246	1.02581779241985	3.97335005309037	7.0868778630881e-05	0.00247801505702157
ENSG00000124429	333.24152942468	5.07527231577987	1.3606053167947	3.73015763876049	0.000191360006191707	0.00573022417086051
ENSG00000124496	1172.9270743081	4.87290178557682	1.09056376468094	4.468241054206	7.88654052083268e-06	0.000352322163321512
ENSG00000124557	334.517549085953	4.48311394231006	0.779418932986728	5.75186687489205	8.82632924473855e-09	7.51837478123149e-07
ENSG00000124785	8.00593892326239	4.77078282344962	1.29998911441819	3.66986367080835	0.000242679859280584	0.0070317762023014
ENSG00000124788	9576.31506221954	3.86029621614346	0.367600739177147	10.5013287644212	8.51726504083982e-26	5.42942887641843e-23
ENSG00000125257	1756.10843795937	2.3792640092965	0.473969649172762	5.01986575184534	5.1707603658563e-07	3.08274037063677e-05
ENSG00000125648	1707.92653063378	3.32898080920837	0.764919694131657	4.35206575899115	1.3486079657861e-05	0.000564440111740881
ENSG00000125657	1393.68355347543	5.31396168671108	0.595983758463715	8.91628607532701	4.82186905588687e-19	1.53687803331287e-16
ENSG00000125726	739.298856511936	6.45728114425983	0.737915701251775	8.75070300483636	2.12027711589031e-18	6.27526302120823e-16
ENSG00000125895	10.3678123667431	7.83871001589794	1.8622745983458	4.20921276747307	2.56261987465068e-05	0.00100885657488029
ENSG00000125967	717.210515181409	2.0429979598456	0.476557822403711	4.28698861670326	1.81111570263105e-05	0.000741171151985359
ENSG00000126821	12567.1737924828	1.99928333502206	0.553863485343605	3.60970417427275	0.000306546405513911	0.00858226372464115
ENSG00000129250	4166.43680212116	2.30401817577044	0.63423977417	3.63272419927557	0.000280444723404167	0.00795905966729566
ENSG00000130052	41.0597722954038	3.00085021351511	0.836692425012918	3.58656314292409	0.000335064958123568	0.00921621198031489
ENSG00000130165	3118.53593724404	1.45004274022539	0.309016548845486	4.69244364304397	2.69960915621975e-06	0.000138096673318476
ENSG00000130545	132.264399556309	3.45705059388848	0.780860692668334	4.42723090859542	9.54505361575294e-06	0.000416315049019708
ENSG00000130775	11575.6382916451	2.1418321846341	0.504955921135071	4.24162208023931	2.21910129556503e-05	0.000884119828670547
ENSG00000130958	1429.3043566339	2.48920126896688	0.633632265591948	3.92846356496924	8.54902996717607e-05	0.00286825147117361
ENSG00000131019	38.2081877613977	3.76863685042771	0.80105097606317	4.70461551516855	2.54344824937694e-06	0.000130916494674452
ENSG00000131871	3261.41160871121	1.01309067857498	0.260857373798042	3.88369576763171	0.000102880624402389	0.00337652172048552
ENSG00000133328	9.59968985604218	7.46471495172591	1.88428618576586	3.96156115144043	7.44613056391299e-05	0.00257108683263112
ENSG00000133612	1343.91140535301	4.24524120429265	0.572942783111491	7.4095377923044	1.2674035600605e-13	2.00056634328026e-11
ENSG00000134853	9.57973115077099	15.9563340879857	1.94245623760213	8.21451406683072	2.1302512554188e-16	4.77118706855556e-14
ENSG00000135404	8520.55055055089	1.4611343719141	0.362674047638033	4.02878116432632	5.60667777897887e-05	0.00200269563596542
ENSG00000135604	1787.39038912206	2.65609439214176	0.70709176159697	3.75636450090008	0.000172399545074834	0.00527186357946548
ENSG00000135750	6.17280382983853	17.2943900834972	2.84963428259233	6.06898583061835	1.28720500973117e-09	1.25494916654614e-07
ENSG00000136026	8499.48195429006	3.49594015467235	0.66815326020875	5.23224290424044	1.67465484083399e-07	1.06673434395592e-05
ENSG00000136193	12248.4053048585	2.04594245798645	0.372672967570748	5.48991377432831	4.02130006220646e-08	2.98874561574036e-06
ENSG00000136267	26.9692212753095	16.6453102307277	4.47406890069735	3.72039648923003	0.000198910255785502	0.00590813365481883
ENSG00000136457	143.418098775497	7.57456881468468	1.25615641022087	6.02995674189398	1.64003572111523e-09	1.57121110067999e-07
ENSG00000136810	9584.42427376555	1.98541861379789	0.467162754391884	4.24995056890259	2.13817696145826e-05	0.00086014914949537
ENSG00000137261	187.557476865192	3.40914720826173	0.6516363985182	5.23167093798631	1.67984592598344e-07	1.06673434395592e-05
ENSG00000137710	2822.52146538711	2.03298319910228	0.451302131906187	4.50470550740691	6.64650497941973e-06	0.000305150065177016
ENSG00000138172	598.482311701251	3.98256089211308	0.671811091416121	5.92809636964787	3.06466633943397e-09	2.8535831409988e-07
ENSG00000138279	12341.4477215145	1.17753249067898	0.253545591570241	4.64426331921752	3.4129204832517e-06	0.000168852967431086
ENSG00000138435	57.2476427396691	4.37606820854879	0.993619376479606	4.40416955640821	1.06189866846732e-05	0.000453936178142422
ENSG00000139116	473.32086482381	5.16063536778319	0.917444877490419	5.62500864564158	1.8549868390841e-08	1.45021471089527e-06
ENSG00000139193	12592.2250784457	4.7644075596848	0.844708679789183	5.64029667704359	1.69757416382048e-08	1.35267279765195e-06
ENSG00000140451	1781.50788427864	2.93270109630214	0.615509449766073	4.76467273965773	1.89160407002921e-06	0.000100164363759311
ENSG00000140678	7403.29186006305	3.38209639475468	0.824717561114442	4.1009147303526	4.11520189920671e-05	0.00153294442030488
ENSG00000140853	24725.2486200531	1.86756232933629	0.379594980817896	4.91988151506202	8.65966178669071e-07	4.91524775522643e-05
ENSG00000142686	762.042025094081	2.79479992055145	0.731363868770518	3.82135355585686	0.00013272121745773	0.00425478038325806
ENSG00000143153	631.426087877989	5.78671056178234	0.768495465754064	7.52992154105203	5.07708205427963e-14	8.58648550690109e-12
ENSG00000143603	3784.68572043877	3.28238458256717	0.749710957379397	4.37820009199371	1.19663464204271e-05	0.000507238428573295
ENSG00000144460	90.4197823286585	4.6683089928852	1.26822217807799	3.68098671792675	0.00023233310885508	0.00679133852938995
ENSG00000144724	1232.37538015237	4.38993884597626	0.997836714773039	4.39945612441688	1.08522515054099e-05	0.000462378448459289
ENSG00000145014	769.511342282343	1.87041057710685	0.493410838544842	3.79077724077369	0.000150176598621146	0.00471405906023255
ENSG00000145526	4.23175748376739	18.4966235857336	4.94472881140986	3.74067502813361	0.000183526689148453	0.0055204561632422
ENSG00000145692	6.80717105421999	19.0941463000917	5.2370457352446	3.64597661838061	0.000266378197299754	0.0076383256782805
ENSG00000145708	2809.4091455368	5.12693274788746	1.06300995750551	4.8230336053657	1.41391137778636e-06	7.70860762349708e-05
ENSG00000147570	119.78503986475	4.06705275330489	0.568571521181383	7.15310669246031	8.48356141229229e-13	1.24430572431268e-10
ENSG00000148053	30.3088562167433	22.272929649435	1.79555469107687	12.4044841185411	2.47099069621706e-35	2.73027998660677e-32
ENSG00000149115	915.788836848957	1.24791619107401	0.341284061678538	3.65653228848832	0.000255650222458325	0.00735615761636159
ENSG00000149418	13595.5549035483	2.50991780664342	0.40553898184047	6.18909135504701	6.05120079473053e-10	6.19090135628789e-08
ENSG00000150093	18428.0288907075	3.25168091151767	0.387122846631	8.39960994246646	4.47964134041585e-17	1.07602283443554e-14
ENSG00000150977	3371.18858131784	1.51906687315655	0.358442828987583	4.23796139944307	2.25558536575939e-05	0.000896500524031081
ENSG00000151575	1358.50496210747	5.29702311602928	0.613013467090207	8.64095717370235	5.57440119452873e-18	1.5929331965193e-15
ENSG00000152078	1191.73373074549	2.86907050263462	0.793215958980638	3.61701056332964	0.000298025145793336	0.00840045708567815
ENSG00000152128	919.202277609236	3.9486156603037	0.733806243013253	5.38100581440867	7.40708018038243e-08	5.1581910466243e-06
ENSG00000152192	333.446085323154	3.19649551818055	0.876986295028779	3.64486370687885	0.000267533543495194	0.00765820544022339
ENSG00000152492	24452.361008508	1.6893805618652	0.378909972410263	4.4585275787781	8.25245804122925e-06	0.000365711870522282
ENSG00000152939	100.421902024492	2.27169602515692	0.467795450165169	4.8561738348563	1.19675649538516e-06	6.65605441426631e-05
ENSG00000153898	8124.64449745077	3.20249381692942	0.818861170846225	3.9109118015938	9.19483466541883e-05	0.00306014437238256
ENSG00000153933	3784.29007281214	1.40803130375755	0.279937136384879	5.02981248554917	4.90959745248938e-07	2.93760534937036e-05
ENSG00000154133	98.6841351120886	17.6627404419661	2.56753678814679	6.87925506014453	6.01663514949505e-12	8.10729357461227e-10
ENSG00000154165	193.273833098165	12.3006248982371	1.51803766584153	8.10297739971961	5.36302040500907e-16	1.15437272977429e-13
ENSG00000154764	14.7729022161315	22.9547166206414	2.69174691153102	8.52781386032504	1.49139260982309e-17	3.86224079925124e-15
ENSG00000154978	21425.492204142	1.98238288967219	0.401382016458124	4.93889314515169	7.85672472907392e-07	4.50579085327582e-05
ENSG00000155511	7.09019746719618	19.6847782736597	4.99932562580486	3.93748672261982	8.23394863659327e-05	0.00279078659924124
ENSG00000156463	4.64673196737164	43.2124993427312	2.19143679231641	19.7187979567754	1.48721068354116e-86	1.23245149345056e-82
ENSG00000156475	35.6412531484573	20.4834004708488	1.85570654659533	11.0380601439542	2.50380221532316e-28	1.80426164855504e-25
ENSG00000158234	1028.28721201741	1.72814724228199	0.477777415317726	3.61705511159995	0.000297973877423943	0.00840045708567815
ENSG00000158555	2404.34409131138	3.57818202029783	1.00210745664063	3.57065701545918	0.000356086921039916	0.00969094356209454
ENSG00000159212	9.92121990385883	6.28639398917273	1.69081274464341	3.71797173228578	0.000200828735650159	0.00595444626952725
ENSG00000159556	89.9665787483364	5.47272131069916	1.05416603027848	5.19151742088807	2.08587066327833e-07	1.31951222798378e-05
ENSG00000159640	232.880867498666	4.59149119965282	1.13964248946528	4.02888734150929	5.6041464730226e-05	0.00200269563596542
ENSG00000162545	25.0876732881269	4.87007166263953	1.05842688316819	4.60123579633762	4.19991646122857e-06	0.000202352951826751
ENSG00000162804	7063.05887699016	3.92799103143037	0.791633234154555	4.96188242478901	6.9813253105332e-07	4.0886390705575e-05
ENSG00000162909	8592.87260226786	2.65027149166578	0.655548341518549	4.04283151037579	5.28095700711876e-05	0.00190818403680364
ENSG00000162989	28.7079901789735	6.43251922821444	1.56302202465655	4.11543735580302	3.8644594684034e-05	0.00145473718398627
ENSG00000162998	631.551545083484	5.13358370384649	1.36186611001497	3.76952158960036	0.000163560760811865	0.00504814906833491
ENSG00000163082	1764.51590859077	4.72449004016344	0.917107759221166	5.15151026982435	2.58397072052352e-07	1.62222464855897e-05
ENSG00000163171	4117.26829470645	2.15476690799225	0.439867779363623	4.89866957545664	9.64877457230774e-07	5.43941461773567e-05
ENSG00000163219	26364.0703349252	1.05417106519402	0.265240514946005	3.9743968428376	7.05578346134599e-05	0.00247235845852745
ENSG00000163393	1312.07524995384	2.47367235741567	0.643670344514076	3.8430733658906	0.000121503127365551	0.00393318912686843
ENSG00000163568	5335.08011554386	3.89286680939344	0.640500832343821	6.07784816632955	1.2180600437949e-09	1.2016742360629e-07
ENSG00000163606	275.718137419775	3.16554563549253	0.572828301177328	5.52616836316645	3.27300056938607e-08	2.47701878707784e-06
ENSG00000163637	266.486676482918	5.37065362699908	1.19871306169121	4.48034963381636	7.4520864473442e-06	0.000337461422891483
ENSG00000163694	2067.54620424253	3.14521036071364	0.509031386244201	6.17881420617307	6.45848463621989e-10	6.5670505742766e-08
ENSG00000163754	2962.36888315848	1.34449052030924	0.297509989997072	4.51914411453032	6.20901217279039e-06	0.000285856021532855
ENSG00000164402	621.213298584796	2.94554785632548	0.629689585692614	4.6777776276633	2.90000789217726e-06	0.000146986944357633
ENSG00000164403	127.854905350574	3.64993191694426	0.817837262465308	4.46290733432935	8.0855025748108e-06	0.000359273779289314
ENSG00000164674	715.032241199881	2.95443162997351	0.661665372488402	4.46514469823686	8.00146555935615e-06	0.000356495403711744
ENSG00000164742	64.8499315586737	7.84280293766172	1.45378131880907	5.39476112135388	6.86147754809272e-08	4.81873427466478e-06
ENSG00000164821	8.46695763803246	31.123193607115	2.95650066258488	10.527037589061	6.48430858890735e-26	4.29883722210202e-23
ENSG00000165272	523.92411721439	5.8627963442986	0.668522478678664	8.76978191651302	1.79012667151711e-18	5.39446535522264e-16
ENSG00000166228	1499.36039990321	2.42117670859004	0.636076835009578	3.80642176436685	0.000140991865079499	0.00447662676595329
ENSG00000166387	5645.20635389397	2.41334295264276	0.504583220557328	4.78284424515176	1.72832046030505e-06	9.24038171261159e-05
ENSG00000166394	461.508544719667	6.36144239096282	0.885355356959798	7.18518540714232	6.71160446567368e-13	1.00214533706374e-10
ENSG00000166446	1675.74286498918	3.86429477958281	0.663698164626603	5.82236773512378	5.80197125770815e-09	5.14234607621684e-07
ENSG00000166483	11017.9667089947	1.26613939690995	0.33677366534661	3.75961521696426	0.000170174891707031	0.00522310862065245
ENSG00000166562	5772.81987158681	2.2353202886318	0.371115438863818	6.02324790225734	1.70951294271285e-09	1.62836020186912e-07
ENSG00000167107	2847.09174497837	1.86294329157579	0.48379011170903	3.85072626845304	0.000117768068821939	0.00382723131893102
ENSG00000167207	1869.71837040788	3.71381902451922	0.929072363411283	3.99734097232552	6.4057997771608e-05	0.0022685838783475
ENSG00000167723	621.535750868592	2.66886444367026	0.745410521624596	3.58039545491465	0.000343074590022831	0.00938303342415579
ENSG00000167861	1393.69423877113	4.13022738466591	0.851978351828179	4.84780790005198	1.24833192206138e-06	6.91968336998172e-05
ENSG00000168005	1361.40286177495	1.4031022281382	0.37744876221067	3.71733164501695	0.000201338068448533	0.00595888776154641
ENSG00000168350	922.160461141901	2.11882659869684	0.592491620502036	3.5761292233998	0.00034871932406403	0.00952170358655229
ENSG00000168447	26.3415854495522	5.13112244438338	1.35604994835335	3.78387422278516	0.000154405875494201	0.00479236513191176
ENSG00000168772	59.1537312172542	18.8649802808981	1.79836914266051	10.4900489189829	9.59786870404555e-26	5.89166947780929e-23
ENSG00000169031	5252.07026658324	4.93086626156707	0.963966383486362	5.11518487162766	3.13433818605702e-07	1.94563749422131e-05
ENSG00000169136	2278.45869687193	2.83777125402139	0.652520201041485	4.34894007801143	1.36797080570214e-05	0.000569667038535358
ENSG00000169306	8.45412053571492	17.1112316890835	2.97066293626466	5.76007176048026	8.40781831847209e-09	7.2578740005394e-07
ENSG00000169397	36.3822328212698	16.4595835832332	2.49569221392105	6.59519771365279	4.24689510987161e-11	5.10058257616029e-09
ENSG00000169896	2972.51090333445	2.75014747987476	0.729404939276939	3.7703987617646	0.000162986910965534	0.00503982287750515
ENSG00000169962	1261.5197072378	3.68977514368818	0.60444277736546	6.1044242430533	1.03171911244256e-09	1.02393488440856e-07
ENSG00000170128	55.343627701051	9.70553830866011	1.91257679619602	5.07458750308157	3.88337498432893e-07	2.35762113517464e-05
ENSG00000170579	61.3277647348155	5.728045949933	1.20215424361285	4.76481780966677	1.89024366614958e-06	0.000100164363759311
ENSG00000170786	94.5155876427234	6.90551813155461	1.53536523196869	4.49763872971134	6.87123250399084e-06	0.000313729497303428
ENSG00000171056	68.2151036811456	3.52372717697215	0.530713293854288	6.63960601284584	3.14522719442913e-11	3.89022354630361e-09
ENSG00000171314	1812.22256418448	1.26011679394841	0.298004427707755	4.22851701782154	2.35236725908644e-05	0.000932730501246381
ENSG00000171517	77.1443447060218	5.03486578213467	1.09419846744203	4.60141915013369	4.19622037569801e-06	0.000202352951826751
ENSG00000171954	37.2289279865558	15.6316867544075	2.01451443215563	7.75953078562997	8.52441723498804e-15	1.56981879169658e-12
ENSG00000173208	664.872189300347	2.32995014311358	0.636861544154333	3.6584877270419	0.000253707887837705	0.00731296440525587
ENSG00000175793	49.9293316647101	3.3603975802448	0.846471112803146	3.96989044211635	7.1905687188857e-05	0.00249845882488075
ENSG00000175928	1124.82998068138	3.33094333455511	0.732262876192962	4.54883545629502	5.39436000090302e-06	0.000252376369151782
ENSG00000176105	636.455350519063	4.59151342529522	1.05556029683722	4.34983528563247	1.36239827944366e-05	0.000568775543664969
ENSG00000176485	118.111957314187	4.75078750376433	1.07739669389483	4.40950629483563	1.03606547056743e-05	0.000447180966385015
ENSG00000177301	125.920650566363	4.62210034059747	0.860359441570599	5.37228990264785	7.774298638061e-08	5.39126467059511e-06
ENSG00000177459	13.7601956500362	17.8826681787973	1.95661537107237	9.13959301515469	6.2687798578988e-20	2.12038280336356e-17
ENSG00000177685	1380.23802954568	4.97648739178203	0.619323232734707	8.03536364978215	9.33017648071202e-16	1.95744740495343e-13
ENSG00000178343	59.6741048233244	6.58022060199974	1.82207129403922	3.61139579089274	0.000304553458560073	0.00854089513058318
ENSG00000178860	68.5112849683597	6.09537342297416	1.26877454889283	4.80414225544891	1.55416307094232e-06	8.3361484588343e-05
ENSG00000178922	1164.02493400309	1.87475983889804	0.503103659980164	3.72638879027825	0.00019424271523621	0.00580068245463955
ENSG00000178965	19.7554123565684	3.47390613251646	0.789832311586576	4.39828313118546	1.09110579855597e-05	0.000463691987314529
ENSG00000179361	2853.32481375848	1.80476461165991	0.461846323324906	3.90771674583684	9.31724461829562e-05	0.00309466958524312
ENSG00000179674	29.955616438536	8.61470166975419	1.86479962171356	4.61963932716704	3.84407676998676e-06	0.000187940201727907
ENSG00000180263	6749.25957768364	2.90701240988959	0.729544518615341	3.98469501958158	6.75668475879584e-05	0.00237760707414612
ENSG00000180611	90.2131349578147	5.64547535378735	1.43288955806007	3.93992357752297	8.15075700112943e-05	0.0027796429328543
ENSG00000181143	288.542491299427	6.96585026214844	1.48582742449568	4.68819604976182	2.75623907220615e-06	0.000140559711946907
ENSG00000182718	6756.32032648982	2.3691230951148	0.451353112502313	5.24893487934607	1.52981137626311e-07	9.86579523353494e-06
ENSG00000182871	3570.40365547724	4.51624013800022	1.01384214498783	4.45457920676049	8.40578930934549e-06	0.000370525404290138
ENSG00000182985	450.650978257826	6.74739368740489	1.13917739632631	5.92304035277062	3.16043252097255e-09	2.92631332975413e-07
ENSG00000183317	488.62858370933	2.6013159667844	0.618629793542155	4.2049639282482	2.61123799520462e-05	0.0010207230785972
ENSG00000184007	29617.3615187123	1.0462259393208	0.269492519084939	3.8822077246272	0.000103512394279658	0.00339054233753173
ENSG00000184293	2111.37017905796	3.05450351752416	0.692518649370385	4.41071662156856	1.03029078359003e-05	0.000445849593922225
ENSG00000184524	29.8307628041293	3.7237459286483	0.894806410869624	4.16151011371203	3.161499936105e-05	0.00121574709839917
ENSG00000185133	20.434162757536	3.67118690636429	0.942485952522566	3.89521657753981	9.81110248260461e-05	0.0032327875257791
ENSG00000185155	435.33004725984	3.15852579864929	0.846807031625674	3.72992391499826	0.000191537600498173	0.00573022417086051
ENSG00000185933	29.2563506768648	5.78684211756202	1.27465839644326	4.53991605414387	5.62766293689301e-06	0.000262002487404676
ENSG00000186648	538.982951837057	3.7558022022317	0.773364516225913	4.85644495374618	1.19511984621677e-06	6.65605441426631e-05
ENSG00000186810	1530.12997909236	5.92107594440925	0.965502912557851	6.13263395417719	8.64358738540259e-10	8.63004923648569e-08
ENSG00000187510	597.214473000843	4.41919600508835	0.934387706380384	4.72951000415808	2.25062365274125e-06	0.000118043786140929
ENSG00000187672	19.0314718982112	17.3831295731375	2.30533199754256	7.54040181269662	4.68525558686357e-14	8.00550784501822e-12
ENSG00000188958	65.09993333111	3.86160911146517	0.72752599351376	5.30786411192623	1.10917281086788e-07	7.4729390924082e-06
ENSG00000189159	3312.88818745825	1.39985574132456	0.323989878207867	4.32067738988571	1.55550950982752e-05	0.000642918070221478
ENSG00000189233	8920.53427195289	2.15584918069262	0.570137467316748	3.78127961110634	0.000156024311826671	0.00483354569012194
ENSG00000196132	39.4264538700947	5.15913021648465	1.33185832483939	3.87363289342866	0.000107224893448266	0.00350521771994391
ENSG00000196154	6318.62155794378	2.10365578858168	0.517812688024065	4.06258061502718	4.8533178710272e-05	0.00177569294468885
ENSG00000196586	242.462522258924	4.63107168010873	0.854610601399083	5.41892608461351	5.99580981923671e-08	4.30192865558568e-06
ENSG00000197561	108.640917835467	20.8135598617632	2.66247431202328	7.81737490114845	5.39362867265358e-15	1.0394651351228e-12
ENSG00000197747	2710.28904380014	2.53152830386113	0.61110910384044	4.14251446746915	3.43518691097744e-05	0.0013118614714871
ENSG00000197956	8088.02775178729	2.19184478107306	0.467702909137839	4.68640399332452	2.78047158107921e-06	0.000141360539830696
ENSG00000198216	76.2041725734762	3.29633180089428	0.866425794703538	3.80451715662756	0.000142081064699449	0.00449399153879518
ENSG00000198821	406.698710625206	3.99701323299322	1.00954998281143	3.95920291322496	7.52003252875273e-05	0.00258115491338538
ENSG00000198846	5003.87350046393	3.75671137150847	0.892256453845714	4.2103493399422	2.54976113279907e-05	0.00100618430988123
ENSG00000198883	130.623705726692	2.60268938992882	0.590833248134384	4.40511666895368	1.05726959387348e-05	0.000453936178142422
ENSG00000198959	435.4663794132	4.35494709651486	0.792121803906556	5.49782505043706	3.84504114565596e-08	2.8706176553199e-06
ENSG00000203995	535.960178361956	7.93481692577199	1.27154076072686	6.24031660710284	4.36686105314062e-10	4.5519720185379e-08
ENSG00000204160	3569.5407964018	2.64615190477637	0.46454636258425	5.69620627326828	1.22502654759837e-08	1.00017684728549e-06
ENSG00000204271	405.721178056378	2.49664291022069	0.688643456350852	3.62545071356735	0.000288457910017915	0.00817248102672979
ENSG00000204396	329.867023639952	2.48338945116072	0.691903550163668	3.58921333843898	0.000331677330692289	0.00920807383399329
ENSG00000205089	196.33836765886	5.44898448318402	0.950728000986537	5.73138108641989	9.96161743436602e-09	8.33857814935265e-07
ENSG00000214215	353.599927804852	3.58897315593745	0.620639793978827	5.78269906434631	7.35114999701528e-09	6.41252421318586e-07
ENSG00000234965	715.625321932653	1.88994209218073	0.525909736947582	3.59366248503039	0.0003260621548533	0.00906737274251443
ENSG00000240505	3320.25294499343	3.01985713659341	0.748683592828517	4.03355591804066	5.49390995051702e-05	0.00197091046579803
ENSG00000253293	564.023404296032	5.31557118624215	1.01145414959692	5.25537533101278	1.47722893262295e-07	9.63920957846171e-06
ENSG00000258130	125.319386280602	3.42007504112006	0.594640876234867	5.75149670634014	8.84568047749572e-09	7.51837478123149e-07
ENSG00000258150	110.304792608723	2.57454646531062	0.71804173962556	3.58551087385697	0.000336418984438911	0.00921621198031489
ENSG00000260027	73.2556294988603	5.69012288662638	1.08345436270862	5.25183439420667	1.50591832627819e-07	9.74964466395891e-06
ENSG00000262246	15682.4957768319	1.8865487823855	0.506604375240831	3.72390937502005	0.000196161365843154	0.00583694520194692
ENSG00000264522	379.685972917247	2.85388426551315	0.626382000895975	4.55614028090042	5.2102146864083e-06	0.000245324142649236
ENSG00000264813	122.922627127765	4.77305784060767	1.21901565561377	3.91550167434432	9.02164185418594e-05	0.00300854511250056
ENSG00000270299	257.434421131079	4.55331203345094	0.671368134574472	6.78213903663588	1.1840943281423e-11	1.57001435157044e-09
ENSG00000271303	263.315270007878	4.55474312869147	0.672359597934935	6.77426654230975	1.25038963801359e-11	1.64475856035216e-09
ENSG00000273749	2899.2179550472	3.33946456376549	0.456162982263104	7.32077063157957	2.4655094329921e-13	3.85503333418973e-11
ENSG00000281527	13.0610098569084	15.295292208541	2.26541847421185	6.75164098053111	1.46182244228539e-11	1.90773583924709e-09
