baseMean	log2FoldChange	lfcSE	stat	pvalue	padj
ENSG00000001617	34.7956881674997	4.20065786139891	0.959372322438499	4.37854810186917	1.19472573678193e-05	0.000240892753788609
ENSG00000003400	3287.19091240044	2.18872652348707	0.585437850380386	3.73861464895881	0.000185037104220499	0.00244366929510004
ENSG00000005379	4595.49383094514	4.59389826895878	0.797811440109233	5.75812533890188	8.50531946218283e-09	3.93763030073235e-07
ENSG00000007038	364.383689147905	4.65572069027454	1.35411934708511	3.4381908066645	0.000585614893825581	0.00632311482101966
ENSG00000008256	612.85464576988	3.26005187798297	0.64434975540251	5.05944458060125	4.20479460988437e-07	1.30750967850326e-05
ENSG00000010030	308.567549201825	4.95931248545411	1.49119322169993	3.32573432690406	0.000881859397443162	0.00881540268590046
ENSG00000010704	168.946357976662	2.47473833052744	0.645660719268332	3.83287732500101	0.000126653121211106	0.00176844888875558
ENSG00000013619	37.1999986358287	3.06353575236703	0.82718910603908	3.70354944232341	0.00021260372164866	0.00273791304009704
ENSG00000015153	6094.16074898969	2.23712141787584	0.584770143021278	3.82564233925745	0.000130431544052304	0.00181204728509881
ENSG00000015568	2917.86577402798	1.78654703161877	0.539370809447019	3.3122797903179	0.000925389464014493	0.00918407483627318
ENSG00000016602	17.1029022326034	23.8903879161779	2.42458780242192	9.85338121899063	6.62760318307532e-23	1.77170798639178e-20
ENSG00000018189	5343.49883578926	1.34684707293158	0.403632056761957	3.33681889326717	0.000847431492850614	0.00850201547367196
ENSG00000020577	1242.51558158701	5.58828193525404	0.743085461488397	7.52037581795873	5.46190102891992e-14	5.45334624417583e-12
ENSG00000025293	12913.8475701242	1.58239535461374	0.285012950195408	5.55201212270822	2.82400005181529e-08	1.1614138178359e-06
ENSG00000029153	445.876548383336	4.55116697584082	0.776769414063329	5.85909652651407	4.65392140272097e-09	2.25538284586834e-07
ENSG00000033170	6386.6058884996	2.29885146440513	0.516926021055088	4.44715756369351	8.70140141878859e-06	0.000184420750786448
ENSG00000033178	12278.7950279861	1.44636703621851	0.423333462929873	3.41661400024526	0.000634051106552383	0.00674736485503143
ENSG00000033867	5778.0384772902	3.54408418030254	0.558694835536097	6.34350624863357	2.24593858064975e-10	1.32943521556032e-08
ENSG00000038382	21591.8507747668	3.34131492280542	0.76620635135151	4.36085516246594	1.29555106403395e-05	0.000255929241183536
ENSG00000039139	22.8755886290351	6.54190180942699	1.38739882234461	4.71522802532845	2.41440203663729e-06	5.96368097693389e-05
ENSG00000042429	6386.53416232493	1.13249183958647	0.315183754824566	3.59311614971027	0.000326746849938497	0.0039442842613843
ENSG00000047249	3783.21335293879	1.16510149253988	0.272085901282417	4.28210902163039	1.85130232969391e-05	0.00034321571378464
ENSG00000047634	812.899184024399	5.49878371657276	1.28160733929325	4.29053700613568	1.78241579711492e-05	0.000332303255583608
ENSG00000047662	141.782833501944	2.80145031014105	0.810244433013418	3.45753725171803	0.000545136869534793	0.00598701789454627
ENSG00000051108	30917.1657740361	1.71076567504054	0.466765944346531	3.66514673095013	0.000247196816220636	0.00311325230398238
ENSG00000052749	8548.80496749442	2.88507763566295	0.639407158052799	4.51211344653841	6.41848399330173e-06	0.000142409576579629
ENSG00000053702	61.7495704140516	4.53013797526574	1.27546648941437	3.55174989924333	0.000382678411596749	0.00446027566371626
ENSG00000054690	88.9200147852313	3.26331994641639	0.751749394032028	4.34096784423529	1.41856484263218e-05	0.000275177615542376
ENSG00000055609	34802.1238400958	1.58225438048029	0.400188869410461	3.95376908610975	7.69296567858639e-05	0.00116975424914579
ENSG00000055813	91.0151154048765	8.36705839335518	1.62522275305218	5.14825329490482	2.62923296447855e-07	8.52777048009149e-06
ENSG00000057019	469.029243675202	4.30024018056136	0.875784771682971	4.91015637586128	9.10037931289702e-07	2.54350230576653e-05
ENSG00000057252	4276.13321708385	1.38447226744466	0.377854596565173	3.66403447259869	0.000248273348396814	0.00311969861738347
ENSG00000059804	19856.6106208442	3.33932932497451	0.702180002232327	4.75565996519171	1.97799162416177e-06	5.04357433520881e-05
ENSG00000060688	4490.11819331874	1.04277413884655	0.276682099941942	3.76885291482666	0.000163999487089485	0.00220448296757593
ENSG00000064205	19.1903497953744	19.7271952366351	3.34940866017559	5.8897546516766	3.8676939591108e-09	1.89094866307677e-07
ENSG00000064655	173.718540324496	10.1953162550666	1.6224831757838	6.28377317388292	3.30452752174882e-10	1.88859445329189e-08
ENSG00000064787	145.532573500335	5.74523537400565	0.983864697349087	5.83945677640995	5.23713011997824e-09	2.52326147117789e-07
ENSG00000067715	196.637907600342	8.06376174528511	1.121608978865	7.18945898012082	6.50485588103929e-13	5.67428849328132e-11
ENSG00000068878	15672.0202711537	1.30431471744793	0.368540156300539	3.53913866684388	0.000401434921608574	0.00463005037629819
ENSG00000069667	2198.01948795576	3.41222858774424	0.926703414755073	3.68211504718161	0.000231306979162326	0.0029399400863776
ENSG00000070808	483.134510177683	11.3953365618762	2.33614341463382	4.87784118496096	1.07253224124294e-06	2.9189079419311e-05
ENSG00000070961	31851.5672715079	1.52594229672012	0.415345911294822	3.67390711025194	0.000238869601116349	0.00302834959051064
ENSG00000071073	3018.60194009729	2.83471056401676	0.70582210526188	4.01618275041839	5.91483955112085e-05	0.000940142602040799
ENSG00000072041	9.65326414766329	6.83630179541188	1.81571144793648	3.76508161755614	0.000166494688861475	0.00222809675794955
ENSG00000072201	161.355943431093	3.78345494283472	1.11417237794668	3.3957536712652	0.000684399222732855	0.00719291865413718
ENSG00000072864	7933.70819294729	1.40872102609373	0.37227457800456	3.78409139201676	0.000154271131326308	0.00209194321638846
ENSG00000073060	5694.97364518654	3.82604065735961	0.725678661439169	5.27236208072012	1.34679039766778e-07	4.6600634761891e-06
ENSG00000073711	138.483212099993	3.55021943335704	0.934187796406358	3.80032735068265	0.000144505068634887	0.00197936116326828
ENSG00000075340	1346.18836372825	8.20104604027753	1.19312340349803	6.87359414477455	6.2604159622792e-12	4.84860439994465e-10
ENSG00000076604	12408.2801159536	2.00797114908063	0.565124769128498	3.55314659482579	0.000380652277188371	0.00443978243639695
ENSG00000076641	13860.9881999408	4.18185410127357	1.06198096131733	3.9377863197154	8.22367761226889e-05	0.00123683514288334
ENSG00000077092	42.7647838409883	6.07560715071361	1.71175485482726	3.54934419118485	0.000386191933185805	0.00449175094780459
ENSG00000077150	12755.7531365114	2.11780465013277	0.491068773784717	4.31264369308322	1.61313973728091e-05	0.000305556320065072
ENSG00000077943	51.6218623654142	23.2549078517957	1.78685020280403	13.0144697162094	1.01242666515541e-38	7.99045692775515e-36
ENSG00000078795	166.712404922387	3.26769324610292	0.903328997735425	3.61738995902354	0.000297588782629269	0.00364540760036771
ENSG00000079156	7.95755447487343	4.07978499757755	1.13591437257485	3.59163075675294	0.000328615228288357	0.0039639510870824
ENSG00000079335	2279.20809954521	2.17992812494691	0.519590034988608	4.19547716113282	2.72297725254217e-05	0.000479093683478068
ENSG00000081277	5.71277792872765	43.3881804608377	2.1553061552034	20.1308664924882	3.96009218046111e-90	1.31269135597925e-86
ENSG00000081320	65884.4487769237	1.69274778396709	0.468471446793578	3.61334248982086	0.000302275008288249	0.00369189829577704
ENSG00000081803	221.096209164707	5.63159601672798	1.67281263629604	3.36654320665435	0.000761166571769314	0.00782953078417393
ENSG00000081913	2610.2708910205	6.09585445376676	1.00724205549032	6.05202535035068	1.43035953316377e-09	7.47847914910296e-08
ENSG00000083454	23099.2908354298	2.09436234180878	0.464766147094591	4.50627128266838	6.59767280468386e-06	0.00014579977208644
ENSG00000083799	33966.5541141428	1.5326042822098	0.417340158078223	3.67231442396334	0.00024036368909543	0.00303873972774039
ENSG00000083857	44.3455016655431	7.78915621328423	1.73866747263654	4.47995740178692	7.46579376538217e-06	0.000162173087637541
ENSG00000085415	4598.48680598609	1.27918584434581	0.381617239750179	3.35201272663471	0.000802263307118851	0.0081176508255115
ENSG00000086666	8259.01704916504	2.11157181545284	0.48891585708552	4.31888592863432	1.56818805629419e-05	0.000298063633543807
ENSG00000086967	761.786831109634	3.0943608240682	0.75281844459205	4.11036797291148	3.95029096943511e-05	0.00066200326114679
ENSG00000087903	812.589552062914	1.94217023632497	0.449179748150683	4.32381523058658	1.53353749321374e-05	0.00029248389427531
ENSG00000088280	938.912694251341	3.91160922599853	0.643011582822551	6.08326401964364	1.17760191025392e-09	6.23564666471199e-08
ENSG00000088756	10.8377898276224	17.939924164176	2.61884581220022	6.85031706738923	7.36864844332002e-12	5.60220088530211e-10
ENSG00000089356	5.88452592903129	43.582360035065	3.35742632619684	12.9808835103862	1.57058321378848e-38	1.18322028115138e-35
ENSG00000089723	29.0166784809117	3.52716019866718	0.885523606743884	3.98313514377864	6.80120536468269e-05	0.0010564496505553
ENSG00000091140	9741.38265714343	1.54422122654522	0.347289561757302	4.44649478876181	8.72827834648699e-06	0.000184754131947223
ENSG00000091181	52.8882206374717	4.54477816454496	1.02289841617854	4.44303959480537	8.86968353322023e-06	0.000187268961630054
ENSG00000091317	14177.8625147313	1.98472241918685	0.435205994606635	4.56042068303944	5.10512430127492e-06	0.000116385598582298
ENSG00000092421	1335.30292331365	5.4330148841898	1.16085894503224	4.68016799753301	2.86639939255002e-06	6.93543117257286e-05
ENSG00000092621	3400.80070465312	3.94147036305518	0.961272168118879	4.10026472603308	4.12677796948743e-05	0.000686719056890409
ENSG00000094755	8.62249825644037	16.4013822827098	2.87120417164134	5.71237059513391	1.11413131413483e-08	5.05907189053993e-07
ENSG00000095209	3369.27195733353	1.4911716608835	0.423270819180416	3.522972983989	0.00042673485667583	0.0048606172415828
ENSG00000095303	1466.85120380287	3.79195890337054	0.792889033719351	4.78245850567878	1.73164140461668e-06	4.47741414042384e-05
ENSG00000095380	4418.62063141961	1.06845774799522	0.299759787594763	3.56437985417723	0.000364717461608479	0.00430850121788947
ENSG00000095464	2.57454120851286	19.3737712447664	4.4604977155912	4.34341019322741	1.40287841132567e-05	0.000272902661846381
ENSG00000095587	68.9113587783738	3.66391957099529	0.835800463752179	4.38372521899158	1.16666914589043e-05	0.00023633790259702
ENSG00000095627	32.4012246422204	5.11788783427721	1.35670647085819	3.77228821724413	0.000161757249725476	0.00217964606256101
ENSG00000096696	1055.00777477419	4.48559883097791	0.970764191002682	4.62068839431009	3.82468857408237e-06	9.01712495403148e-05
ENSG00000100220	8957.106668642	1.28111003975658	0.309390311848874	4.14075680683356	3.46161816188915e-05	0.000590255755299906
ENSG00000100321	2964.13114407685	3.20573042933751	0.722190655584541	4.43889768518646	9.04207852356003e-06	0.000189940949872603
ENSG00000100399	101.519646348132	4.47418057772611	0.768390570160521	5.82279474979948	5.78716112372981e-09	2.77215053366179e-07
ENSG00000100441	20426.2694988441	1.28300059523798	0.365716678907004	3.50818179546094	0.0004511806198152	0.00509391525396262
ENSG00000100503	30631.9207765744	1.27397265703953	0.294164279797865	4.33082037667842	1.48554830676307e-05	0.000284312674783963
ENSG00000100592	4315.35477783053	1.34901894540466	0.409238179802065	3.29641517332801	0.000979271820270503	0.00964376182362645
ENSG00000100600	2188.53577665814	3.71586670598138	0.75542348759349	4.91891868204788	8.7023610319947e-07	2.44877643029338e-05
ENSG00000100644	33812.5913582024	2.51504552636721	0.590333005060323	4.26038440136039	2.04075611763578e-05	0.000374153671390435
ENSG00000100678	97.9540766701531	5.35299362403112	1.0969758395416	4.87977349279452	1.06207748220402e-06	2.8983661875167e-05
ENSG00000100906	36247.2890420487	2.58785386955093	0.538668891858016	4.80416431813005	1.5539917288069e-06	4.09473114677991e-05
ENSG00000100968	963.312867765369	6.12100981978974	1.28332350256454	4.76965457856711	1.84542087086079e-06	4.74201635870493e-05
ENSG00000101203	33.5570099301666	4.46642079695973	1.09431201093614	4.08148750294614	4.47483841882029e-05	0.000737236301724925
ENSG00000101290	15817.8417336121	1.68112910243817	0.415435486401982	4.04666706977334	5.19520492144747e-05	0.000840872327813188
ENSG00000102678	25.3443715652115	4.79324895494994	1.35307834461645	3.54247702952386	0.00039638794361955	0.00459421942486043
ENSG00000102934	339.213878349867	3.88802037683199	0.940114416087895	4.13568849737593	3.53891981442517e-05	0.000600963698814373
ENSG00000103202	1025.8829965308	1.59515670148802	0.473867691932465	3.36624912110564	0.000761978590254166	0.00782953078417393
ENSG00000103275	15695.8590847195	1.17994016541723	0.334559020628095	3.52685204303274	0.000420531692051283	0.00481486285883227
ENSG00000103426	11873.8193481925	1.7804118091531	0.518580662869102	3.43323987304653	0.000596414192354984	0.0064146455704682
ENSG00000103647	431.992966197925	6.93131296665545	1.02635381836264	6.75333675643465	1.44483053055033e-11	1.0277519834052e-09
ENSG00000103657	36455.8463229339	1.67503622450416	0.43053856765062	3.89056022006242	0.000100013051819352	0.00146045490824136
ENSG00000103876	1034.18152973517	2.84057683844869	0.513709169537205	5.52954279754775	3.21066467114525e-08	1.29789161608686e-06
ENSG00000104341	1960.57556581302	2.59957102204135	0.710074958807753	3.66098112571966	0.000251251269335712	0.00315233803025745
ENSG00000104941	35.5637284013385	3.38212730813482	0.904476328807468	3.73932097547989	0.000184518001558577	0.00244070339811002
ENSG00000105246	429.422220787057	4.00518333834609	1.01242708377619	3.95602152740461	7.620829665209e-05	0.00115984968660398
ENSG00000105339	14016.8153952398	5.80428612538191	1.0465554454196	5.54608563816205	2.92135781401502e-08	1.19419748880154e-06
ENSG00000105523	61.9788602102984	2.7828867698491	0.798285494086967	3.48607959240447	0.000490155145041736	0.00548536892229692
ENSG00000105717	288.889843985527	3.40634716971833	0.854396992608504	3.98684358581207	6.69581361344595e-05	0.00104301141756817
ENSG00000105792	193.048671753005	6.42535462451697	1.6055233973077	4.00203113532426	6.28010319430733e-05	0.000986601235473457
ENSG00000105810	12013.0289646235	4.10028243911305	1.0324724524108	3.97132381550616	7.14743497676264e-05	0.00110243048098205
ENSG00000105825	7.89467081875605	7.975032872735	2.30239144931922	3.46380406993481	0.000532594280944757	0.00588089114748727
ENSG00000105851	12777.3190384798	1.69884352575835	0.366963460109491	4.62946235914459	3.66616357781006e-06	8.69284622870156e-05
ENSG00000105855	188.071124023951	4.65953072822892	0.985346249069558	4.72882576315566	2.25822070343601e-06	5.62823307349599e-05
ENSG00000105889	297.669795563537	7.48293337420955	0.78131728576577	9.5773298639816	9.95861861097359e-22	2.32470626560953e-19
ENSG00000105926	3988.29750567372	1.6700921775112	0.393071520480486	4.24882518954743	2.14894526026237e-05	0.000391821988378311
ENSG00000105976	1058.954298168	6.1631590578378	1.12239604361949	5.49107339862221	3.99498274475136e-08	1.56162367951672e-06
ENSG00000106034	137.480500932242	4.69619579616095	0.931380423309656	5.04218864668965	4.60237224606013e-07	1.41258736307779e-05
ENSG00000106302	9.23784412674138	20.2640805075196	2.21471068260248	9.14976419570415	5.70579567949571e-20	1.08698686887313e-17
ENSG00000106462	6583.52841144443	2.14422927466174	0.556928754943775	3.85009618488493	0.000118071447960655	0.00167257793034179
ENSG00000106665	3504.71088539418	3.43362064226304	0.717633071173602	4.78464661146088	1.71288430625161e-06	4.44253631702179e-05
ENSG00000106688	493.073578380092	6.30547976696626	1.30527827271672	4.83075517210782	1.36016172697456e-06	3.62432804869396e-05
ENSG00000106789	468.780183637219	2.99366286084074	0.842068805400324	3.55512856151646	0.000377794316004776	0.00441577079933932
ENSG00000107518	119.30087186319	5.71589349318187	1.12997520605545	5.05842381545262	4.22736074300397e-07	1.31206511150838e-05
ENSG00000107719	2585.65294336769	6.41092286538078	1.15177332739651	5.5661324263101	2.60455337814059e-08	1.07919669223255e-06
ENSG00000108001	24.0197256227187	20.1807225472816	2.22396827944493	9.07419531735339	1.14520553961082e-19	2.06311267538149e-17
ENSG00000108061	14704.7739071471	1.39343902348793	0.349897575649712	3.98241977213046	6.82171558278106e-05	0.00105765307828824
ENSG00000108256	20586.4463082245	1.26807606665869	0.374931279730397	3.38215597154372	0.000719192978927278	0.00750151317353097
ENSG00000108821	113.784155962912	4.55500233041006	1.16500456124831	3.90985793697611	9.23504177584877e-05	0.00137151955549209
ENSG00000109103	4885.12651902743	2.21979621366115	0.419889790609046	5.28661630577241	1.24599607027919e-07	4.36599130418758e-06
ENSG00000109113	1304.53411163159	2.98507012808124	0.832342924119587	3.58634649443161	0.000335343316958968	0.00402752183715792
ENSG00000109265	294.363566343663	4.56818171261138	1.11629921286304	4.09225560671597	4.27197380455504e-05	0.000708745684051004
ENSG00000109320	15054.9001029857	2.03146882304846	0.377315370743513	5.38400759832652	7.28454264158501e-08	2.69495557458996e-06
ENSG00000109321	4292.72852792051	3.11808995320642	0.943499426848433	3.30481382868642	0.000950395075851392	0.00939480384462026
ENSG00000109606	26160.9576350687	1.31120288328332	0.350686638107908	3.73895877629606	0.000184784022433715	0.0024422730365362
ENSG00000109686	24057.3766425738	6.33008019151602	1.08941013338376	5.81055747283577	6.22651519762415e-09	2.95697028324993e-07
ENSG00000109771	405.512348169603	2.54621660866602	0.756452333419029	3.36599742796427	0.000762674195035743	0.00783182286773383
ENSG00000109790	6507.24193743549	1.81266443580799	0.371481235021817	4.87955854809605	1.06323557500311e-06	2.8983661875167e-05
ENSG00000109794	36.1391625473338	5.93016295114318	1.58928430811023	3.73134178754621	0.000190462610007777	0.00250732906931604
ENSG00000110375	13.7072552310154	4.47178047046763	0.97844284790527	4.57030319148551	4.87019103249246e-06	0.000111798540405166
ENSG00000110713	18773.4852483294	1.34228022593077	0.369347236755832	3.63419593367128	0.000278848898846724	0.00345414174102063
ENSG00000110841	895.318195246466	3.04316351156831	0.5994138860173	5.07689858803251	3.83645502452932e-07	1.20884801476329e-05
ENSG00000111252	11326.8813423757	1.81508662933628	0.478829455335299	3.79067454834263	0.000150238708244547	0.00204774370924764
ENSG00000111291	21.3310064870973	6.89736701309076	1.39000193122953	4.96212764754195	6.97251459123561e-07	2.01679680340557e-05
ENSG00000111300	6291.46535520645	1.40901814279481	0.361478832729199	3.89792711278995	9.70196062231724e-05	0.00142806656620147
ENSG00000111641	6355.95893255114	1.41527429200387	0.386013325181056	3.66638714179115	0.000246001412755693	0.00310055316731016
ENSG00000111817	2392.27844638807	2.7110409663426	0.587764874663194	4.6124582859704	3.9793442204135e-06	9.31967024636704e-05
ENSG00000111837	533.603901482814	5.57962679966691	1.01236623261667	5.51147067128582	3.55847730876966e-08	1.4169903575497e-06
ENSG00000112200	23494.9415431134	2.05318280605649	0.508038068345366	4.0413955842788	5.31340389294492e-05	0.000857491296218783
ENSG00000112309	388.87031715755	4.58343818735668	1.36115416168303	3.36731746952849	0.000759032545630898	0.00781912702282358
ENSG00000112312	980.272129689077	1.81130242774205	0.45492360115239	3.98155299736868	6.8466450535077e-05	0.00106052612258726
ENSG00000112319	18.305400982591	20.8800572284917	2.2772628899127	9.16892701364492	4.77750551199677e-20	9.20725306463192e-18
ENSG00000112378	32.3151101569908	4.517142380482	1.02042128912806	4.42674259015297	9.56667809584599e-06	0.000200452746852783
ENSG00000112562	6.83088751958305	6.90473443142857	2.08897903995761	3.30531532358922	0.000948696013962724	0.00938727625995115
ENSG00000113073	10.6641641849866	6.19519409817654	1.2924217195298	4.79347724087337	1.63915062483844e-06	4.27844551829398e-05
ENSG00000113302	6.46000417484824	7.4988074308322	1.1762007409391	6.37544865415149	1.82428102635027e-10	1.11460299556453e-08
ENSG00000113448	3978.29703878815	5.42189922406097	1.16272335696444	4.66310338704824	3.11476169877809e-06	7.47446526519414e-05
ENSG00000113532	5361.56152912524	1.90108213004615	0.338122698646727	5.62246231221645	1.88254646158629e-08	8.04587609468219e-07
ENSG00000113712	29734.5567988649	1.211427128235	0.306758517751951	3.94912303369054	7.84380304170937e-05	0.00118667746062696
ENSG00000114098	9187.95057777949	1.07452303620949	0.267228118167043	4.02099540864114	5.79527346820521e-05	0.000924454884138914
ENSG00000114315	334.859919844494	6.25217080072959	1.08823643791498	5.74523199453654	9.17950421361013e-09	4.22614174545484e-07
ENSG00000114656	44.3423862003947	4.23198819769696	1.19228366558283	3.54948098330963	0.000385991343488602	0.00449175094780459
ENSG00000114742	13177.2299662381	1.63570654479078	0.419806513117375	3.89633436757434	9.76595406929194e-05	0.00143621049462684
ENSG00000115008	43.950637246672	7.86746655330102	1.2493742012678	6.29712582932919	3.03215140382692e-10	1.75716354430166e-08
ENSG00000115020	23666.1198613094	1.81736669863595	0.331941386512073	5.47496266654851	4.37603859360772e-08	1.688562347183e-06
ENSG00000115112	114.748927504717	7.98374753806454	1.58469607436766	5.03803074116296	4.70345913984003e-07	1.43563778607198e-05
ENSG00000115183	159.301164248787	3.2674724420709	0.843615922270308	3.87317540579082	0.00010742645283447	0.00154690358755735
ENSG00000115232	14743.4975116265	2.86607572091821	0.74261124619961	3.85945639200274	0.000113639532736818	0.00162367380653451
ENSG00000115353	7.13748893728494	23.5396498650562	2.17559702535268	10.8198575336994	2.77207944408389e-27	1.04419192514196e-24
ENSG00000115761	3543.83569780417	1.05604211518489	0.257424458176364	4.10233791562021	4.08996357334413e-05	0.000681962336666052
ENSG00000115762	7214.7167154893	1.31982637499512	0.371930432444536	3.54858398201104	0.000387308467478956	0.00450157821879118
ENSG00000116147	158.442930224172	7.30913486610466	1.08495392166661	6.73681593304626	1.61895054499202e-11	1.14180792905097e-09
ENSG00000116194	21.9687222563352	7.02085658057904	2.08362492674818	3.36953954161807	0.000752938873418209	0.00777036667997098
ENSG00000116679	9670.95745724556	1.57971222104226	0.342809883435535	4.60812916247008	4.06308248251349e-06	9.47138242829516e-05
ENSG00000116774	21.1678404430453	3.40634652044698	0.957153375851212	3.55883038851288	0.000372509987432585	0.00437400694982205
ENSG00000117791	168.639313046124	9.55662502995636	1.29654284999529	7.37085166910689	1.69541401868469e-13	1.6100899662923e-11
ENSG00000118017	3.60955389042192	42.688696607965	2.61331582733263	16.3350698608582	5.55685924194256e-60	7.67494875632966e-57
ENSG00000118242	774.701524584873	3.86374814761001	0.505028238116068	7.6505586341531	2.0010806781806e-14	2.11247841784492e-12
ENSG00000118298	15.9129664638867	6.58554224958422	1.64303563588263	4.00815545674181	6.11948349987744e-05	0.000966128994581143
ENSG00000118985	7248.50194992694	2.86617170070063	0.612878853809286	4.67657136950677	2.91711104738239e-06	7.04784234683902e-05
ENSG00000119125	15.6858147845478	24.1876191102168	2.32058456438481	10.4230716180037	1.94566014477034e-25	6.44947424788471e-23
ENSG00000119231	12261.9327838871	1.64437199710521	0.414187651590591	3.9701135241246	7.18383949076485e-05	0.00110552419424268
ENSG00000119698	20.4908355716676	6.33342156929103	1.50605861138288	4.20529554522158	2.60741206561904e-05	0.000462195161236042
ENSG00000119778	9141.93806647225	2.06267471655244	0.52637577655996	3.91863533316959	8.9051724719415e-05	0.00132811574632612
ENSG00000120049	532.973780880863	3.15704201928496	0.790117689295793	3.99566047192126	6.45141394980627e-05	0.00101064021553959
ENSG00000120160	16.6806673433252	4.72692094737714	1.23585417158866	3.82482096678187	0.000130867151897825	0.00181657636143597
ENSG00000120162	1206.86465944971	4.15284568848223	0.749296922693344	5.54232316016305	2.98484788332709e-08	1.21550046236519e-06
ENSG00000121152	1660.6558894542	2.88396172997158	0.65777086685882	4.38444734371395	1.16280604253829e-05	0.000235891644418968
ENSG00000121579	13672.6905568246	1.09353494610896	0.320877905325124	3.40794715984249	0.000654535681373917	0.00693623681783332
ENSG00000121743	18.7219332867262	5.56911416082913	1.23259221262319	4.51821300166826	6.23637313248584e-06	0.000138926946636855
ENSG00000121753	72.4774624826745	4.75556570743053	0.99244613205962	4.7917620451211	1.65322910768334e-06	4.3082734639534e-05
ENSG00000121957	1527.5758833566	2.47890473288513	0.502860295387578	4.92960918891901	8.23942749778504e-07	2.33836081075838e-05
ENSG00000122068	16629.6324445568	1.38313496700748	0.388488883531272	3.56029483890276	0.000370438634508421	0.0043575483685596
ENSG00000122482	18557.984914222	1.54749980303995	0.469742026202556	3.29436098266553	0.000986457256989425	0.00970063992144313
ENSG00000122585	41.1370939541001	16.7002730424462	1.75046696331781	9.54046742521361	1.42189972740769e-21	3.25215274602168e-19
ENSG00000122778	141.438157662819	3.55894988256445	0.794089225083877	4.48180099936317	7.40157460790377e-06	0.000161412759936049
ENSG00000123066	31985.0651971583	1.21202008373887	0.352886067749674	3.43459318603261	0.000593443993117589	0.00639512719601664
ENSG00000123095	1012.09694933728	3.59022431125715	0.901412613613515	3.98288670142403	6.80832176277878e-05	0.00105656483985295
ENSG00000123096	968.438329016276	7.52151809072812	0.915267662768475	8.21783440701625	2.07210808743432e-16	2.76960640654326e-14
ENSG00000123500	26.5645517485262	22.555934150565	2.31871364933593	9.72777908864469	2.29549888791583e-22	5.76448463156316e-20
ENSG00000124091	14.5316655901675	20.7905912298569	2.335077283364	8.90359877078895	5.40646210086231e-19	9.23780441852493e-17
ENSG00000124092	14.0625031582046	18.0408347949939	2.65583066145064	6.7929160758841	1.09889313107184e-11	8.05887378512596e-10
ENSG00000124177	15647.1471884612	1.24082575953296	0.28806568525905	4.30744036179499	1.6515460505485e-05	0.000311053684565805
ENSG00000124225	1014.57089756195	7.96025058205504	0.871985754904323	9.1288768621323	6.92135949567512e-20	1.28892822787999e-17
ENSG00000124251	19.285559214134	6.46971776670913	1.69375499262629	3.81974830768018	0.000133587918696885	0.00184969604384475
ENSG00000124493	19.2907805743999	4.83817462091011	0.789823621336502	6.125639307575	9.03202061329553e-10	4.82892611757291e-08
ENSG00000124557	334.517549085953	3.90145781527883	0.778627827742797	5.01068376478266	5.42369784215842e-07	1.61968230695376e-05
ENSG00000124721	528.402030850665	7.78905606468451	1.15083781913373	6.76816136486334	1.30429243090324e-11	9.43988766366386e-10
ENSG00000124766	57510.947130403	4.51238485736081	0.900339702691016	5.01186923543835	5.39038311675634e-07	1.61677574319544e-05
ENSG00000124784	3848.18731208574	1.67872958163184	0.390747488410489	4.296200567944	1.73750390445361e-05	0.000325392825018097
ENSG00000124789	17717.5911870059	1.52441194205689	0.34492524431115	4.41954297981666	9.89098495237055e-06	0.000205430055890463
ENSG00000124813	2113.22965606556	3.72205759665386	0.998948614028648	3.72597503453478	0.000194561661936205	0.00255520204828104
ENSG00000124831	23591.5556749686	1.67798041800513	0.390914672383393	4.29244675768896	1.76714933155254e-05	0.000329828074562521
ENSG00000125347	36179.9781498231	2.8362540521885	0.499718578535298	5.67570263347365	1.38120534925243e-08	6.13729154383638e-07
ENSG00000125522	4.62026493677383	3.60109905759128	1.06004089122883	3.39713221196286	0.000680960576328096	0.0071795423613625
ENSG00000125633	11181.434771145	1.83343550573546	0.490258253536357	3.73973409424609	0.0001842150217855	0.00243864198967482
ENSG00000125775	111.593268651646	2.83200307416828	0.613015299954761	4.61979182962851	3.8412524752856e-06	9.04331229053743e-05
ENSG00000126266	1128.18572083398	2.82422385750923	0.800213243823151	3.52933905969368	0.000416599010071242	0.00478165650479278
ENSG00000126561	7575.84151540852	1.28669374598976	0.378948195157526	3.3954344219924	0.00068519785989157	0.007196748624742
ENSG00000126803	405.656707010802	2.51684564605108	0.733417265825876	3.43166947837933	0.00059987817663284	0.00644353914420784
ENSG00000127083	26.9260062998443	17.7825381374592	2.79340793247618	6.36589376392877	1.94155788078531e-10	1.1744299385451e-08
ENSG00000127314	12377.7636605264	1.20037086990713	0.359507408951395	3.33893221674721	0.00084101083218056	0.00846321404527055
ENSG00000127481	46865.3283977099	1.42249013372843	0.370534412286266	3.83902300720574	0.000123524856562678	0.00173521772986835
ENSG00000127920	1612.14814586722	5.67456646837986	1.33462528994054	4.25180499062224	2.12054473079416e-05	0.000387496233386796
ENSG00000128040	6215.09966614787	3.68307589038053	0.958410720054711	3.84289930539412	0.000121589363982274	0.00171216832509958
ENSG00000128274	1531.08915917129	4.45294984798128	1.0105936209825	4.40627147799738	1.0516514575102e-05	0.000216522624307751
ENSG00000128578	165.000669786394	3.29600489641139	0.850465948694619	3.87552835180577	0.000106393590323592	0.00153603429096099
ENSG00000128602	292.1024572144	2.8432400384228	0.755728102290599	3.76225262737351	0.000168389829467418	0.00224890655406365
ENSG00000128641	668.260686589322	4.72603453122238	1.13945520458015	4.14762643781488	3.35939950589807e-05	0.000575193051763994
ENSG00000128965	339.887253170116	2.98908442806587	0.837309069005738	3.56986988283222	0.000357158587802869	0.00424340246182419
ENSG00000130035	160.519957176678	3.11635899953248	0.748552839271691	4.1631783837258	3.13847982217141e-05	0.00054297666568548
ENSG00000130413	620.835447998768	4.70550949687151	0.969467790845049	4.8537037963581	1.21176689439426e-06	3.26036112137832e-05
ENSG00000130508	2412.35692691083	3.11866188853544	0.932191593822528	3.3455159960702	0.000821296216923264	0.0082799048049186
ENSG00000130561	62.4204946308822	3.67465156088558	0.958709801332164	3.83291331305835	0.000126634587193992	0.00176844888875558
ENSG00000130707	18.897942087306	6.21363429376652	1.5129505697286	4.10696450901311	4.00892799567502e-05	0.000670473991930553
ENSG00000130787	18420.9756184275	3.26582844940619	0.745210826054254	4.38242217534347	1.17367096983809e-05	0.000237196632066621
ENSG00000131480	346.744059092485	2.19676954933253	0.550951776135975	3.98722654955263	6.68501848544372e-05	0.00104230946733532
ENSG00000131584	3054.31074871029	2.28784776161731	0.692289419151606	3.30475621658503	0.000950590445723916	0.00939480384462026
ENSG00000132122	440.86359567088	4.92884867884988	1.01727779215299	4.8451354358364	1.2652533891431e-06	3.39325399217764e-05
ENSG00000132275	3237.22372222925	1.68447876098875	0.441444809216947	3.81583093926678	0.000135725412253338	0.00187459415223902
ENSG00000132321	92.8303824287698	6.29998326700524	1.22901055365368	5.12606116218956	2.95866527484762e-07	9.51561536180635e-06
ENSG00000132464	970.603479033995	8.8681114620147	1.38120079351482	6.42058092035085	1.35755282867265e-10	8.4586769106844e-09
ENSG00000132465	122660.06883454	7.99468385417057	1.01620867277411	7.86716751033643	3.62760773232022e-15	4.23408243348418e-13
ENSG00000133056	11467.7451652386	2.30647714655569	0.481003262407189	4.79513825958868	1.62562671214962e-06	4.25641976732508e-05
ENSG00000133138	197.522344011765	7.44169455908194	0.948140771658447	7.84872329249722	4.20293779848383e-15	4.87129308196301e-13
ENSG00000133316	147915.645326872	7.44840283259438	0.918171466934532	8.11221335102267	4.97059265767245e-16	6.33712328525101e-14
ENSG00000133392	813.890978324908	3.85752028009581	0.736444771536394	5.23803064287921	1.62299119865407e-07	5.53486751573921e-06
ENSG00000133424	2261.95436437483	9.12525553797061	1.30606763051972	6.98681701064699	2.81192605837204e-12	2.26237196560477e-10
ENSG00000133794	2010.076530165	1.97114670966512	0.411999422282559	4.78434338267898	1.71547196988895e-06	4.44253631702179e-05
ENSG00000134317	91.6622322892138	3.29346880388736	0.874367799496686	3.76668583379121	0.00016542895830509	0.00221650732008776
ENSG00000134324	11222.5413456207	2.36098256755907	0.54773655815254	4.31043451896368	1.62934071675686e-05	0.000307570535757724
ENSG00000134532	988.692399072365	10.3756880430977	1.25573749746824	8.26262500245214	1.42503378969127e-16	1.96820916919526e-14
ENSG00000134594	719.301651174312	3.96058902071353	0.668945941031495	5.9206413818827	3.20688467667925e-09	1.5818722211691e-07
ENSG00000134759	11664.1379975047	1.24637650266873	0.261855773299228	4.75978240603642	1.9380178132808e-06	4.94926151576518e-05
ENSG00000134909	1462.60313540023	3.46169196399331	0.930316505715322	3.72098306622176	0.000198448746657787	0.00259197421843402
ENSG00000135018	17598.3636088658	1.0273582431924	0.306056187676159	3.35676351127871	0.000788605333026111	0.00801861643532194
ENSG00000135040	2575.08912216191	1.2164409846943	0.341439466604899	3.56268417588036	0.000367082201309214	0.00432718378698358
ENSG00000135269	8043.96565516523	2.12367464995394	0.483407361165809	4.39313676323087	1.11726791889501e-05	0.000228387249594497
ENSG00000135750	6.17280382983853	19.9292502557925	2.9127067828649	6.84217524847809	7.79995833540956e-12	5.876204975049e-10
ENSG00000135824	162.908463379357	43.9450045254824	1.79998401710224	24.4141081853763	1.21128851369675e-131	1.00379479130049e-127
ENSG00000135898	354.803032242303	3.32863509906766	0.761448696886071	4.37145025354964	1.23423973418436e-05	0.000247778865219593
ENSG00000135916	7792.23329276687	3.35650334960225	0.770539040243565	4.35604579949806	1.32433077891614e-05	0.000260373171171484
ENSG00000136010	1082.63664250065	5.64755787750173	1.02524597289143	5.50849067134039	3.61923417122148e-08	1.43505232425418e-06
ENSG00000136141	7076.46450542883	1.53948998895441	0.345637219162047	4.45406311474992	8.42603133049295e-06	0.000179219374505689
ENSG00000136244	487.917212809806	10.8499398275921	1.03714444897563	10.4613584330595	1.29978645443258e-25	4.39646136648277e-23
ENSG00000136918	65.7624143666871	6.30117927018797	1.199815533793	5.2517900399805	1.50628108811215e-07	5.14744386688057e-06
ENSG00000137261	187.557476865192	2.62490765964718	0.662469540197722	3.96230694450305	7.42290237362891e-05	0.00113465196358076
ENSG00000137831	258.277351487169	5.37502215606884	1.03338292547207	5.20138471768673	1.97809155241349e-07	6.57011811416858e-06
ENSG00000137942	762.922507099361	2.52046943080135	0.754965725122078	3.33852166652173	0.000842254615994981	0.00846545057944258
ENSG00000137955	18628.1765047818	1.60842079423707	0.470315378338544	3.41987710442096	0.000626494318175874	0.00667937287043435
ENSG00000138670	12831.1630375257	2.35510567386922	0.580318767906574	4.05829658476317	4.94319642516653e-05	0.000807177709859213
ENSG00000138735	215.834500604903	4.77384923591857	1.05273538158933	4.53470959502797	5.76827960000591e-06	0.000129193873095268
ENSG00000138759	13.9050709924631	5.15390322932409	1.409179336092	3.65737922585293	0.000254807255018219	0.00318970955035647
ENSG00000138867	15428.7153826103	1.6516506347541	0.4364896490325	3.78393998211655	0.000154365062968691	0.00209194321638846
ENSG00000138892	40.8200384945808	4.94545983416767	1.48439969612529	3.33162277456453	0.000863412052581638	0.00864141990307251
ENSG00000139209	16.9160591546562	23.4679912453893	5.49663606303726	4.2695188432071	1.95895100114671e-05	0.000361958237380219
ENSG00000139219	11.6904366489068	3.7940556653417	1.12525665479966	3.37172470756654	0.00074699074093034	0.00772191232569814
ENSG00000139263	26.3916033092592	7.49610596852714	1.79907388211857	4.16664709717191	3.09112460484564e-05	0.000537589708297079
ENSG00000139370	7339.75915070592	1.97925126088858	0.429965041150699	4.60328415443169	4.15880187990133e-06	9.68089639852313e-05
ENSG00000139438	141.047301076007	2.69274763587951	0.558262984607438	4.82343932899834	1.4110370141959e-06	3.72990868792391e-05
ENSG00000139496	8788.16178552648	1.99980094409189	0.411513724946739	4.85962149707331	1.17610388103128e-06	3.17471428733102e-05
ENSG00000139549	20.134530558615	3.56867682801567	0.908415144544756	3.92846469969859	8.54898963647256e-05	0.00127879922594672
ENSG00000139668	7979.21741760407	2.44992918413517	0.40382051920524	6.06687641568308	1.3042183489253e-09	6.86225870320254e-08
ENSG00000139722	5301.66207836873	4.73909235407711	0.65287385600297	7.25881778003921	3.90488089243832e-13	3.53658447602583e-11
ENSG00000139725	6210.72177608557	1.11827409057565	0.320937620185777	3.48439702995344	0.000493247212965921	0.00550881354966116
ENSG00000139835	15.9565743442063	21.2037647425037	1.69469569458445	12.5118419845298	6.43153068462451e-36	3.94800702099877e-33
ENSG00000140009	1100.73682505281	4.07693958392419	0.811404711778059	5.02454511878573	5.04627159572568e-07	1.52344090031981e-05
ENSG00000140030	1664.2473939599	2.53796453614103	0.683368313931244	3.71390432421539	0.000204085978217685	0.00265087852898113
ENSG00000140391	11650.9986567314	1.14698473175211	0.285241459029134	4.02110105472067	5.79267464420548e-05	0.000924454884138914
ENSG00000140398	16310.0823900857	3.95881070322475	0.624349088494911	6.3407007012184	2.28722496934951e-10	1.3490557523843e-08
ENSG00000141068	2210.75485628806	2.23376384249672	0.481470425345958	4.63946220765619	3.4931700568405e-06	8.30642762153148e-05
ENSG00000141384	3424.21367554237	2.25870805996157	0.396614614343952	5.69496931851022	1.23394108842375e-08	5.54236845515862e-07
ENSG00000141519	53.5788908474698	3.87085913290281	1.13189604178156	3.41980092695635	0.000626669772748004	0.00667937287043435
ENSG00000142178	7292.67022973097	2.39944120100136	0.700196432216369	3.42681152117025	0.000610712804902448	0.00654295670876094
ENSG00000142609	14.6571642819505	18.2140529487588	3.50681715441781	5.1938986684302	2.05935258918147e-07	6.79914538109434e-06
ENSG00000142875	10535.2480476652	3.63993107994883	0.551036590206507	6.60560685921913	3.95892218733464e-11	2.6781704625667e-09
ENSG00000142920	42.7129410434817	3.02089461394576	0.828180838158164	3.64762679207127	0.000264673709708394	0.00329579418835983
ENSG00000143207	6084.69593400535	1.31434923805874	0.343537638950464	3.82592499056053	0.000130281958626497	0.00181148756902313
ENSG00000143333	1497.33447156482	4.53049654286394	0.78520823106641	5.76980266331514	7.93644150076957e-09	3.68455410178585e-07
ENSG00000143367	213.749152356876	2.54518528707984	0.735872520882213	3.45873125419672	0.000542726140001781	0.00596890712965463
ENSG00000143815	22147.7108373487	1.86473974885922	0.287623231482222	6.48327236728958	8.97542545538039e-11	5.72148851913364e-09
ENSG00000143850	47.8635291387695	3.60481648676939	0.683322772550003	5.27542273077927	1.32450411100367e-07	4.59253789451357e-06
ENSG00000143924	18135.9792645695	1.57539728615335	0.305091231110495	5.1636924483837	2.42125399368915e-07	7.91516049140118e-06
ENSG00000144354	9825.87800067609	3.29188783150564	0.780988367328775	4.21502799429002	2.49747208073513e-05	0.000444609046896928
ENSG00000144488	163.536307721453	3.84646895236197	0.952336770385227	4.03897977267648	5.36841938931242e-05	0.000863008564097615
ENSG00000144580	9897.62185771604	1.12123164279735	0.256634911462333	4.36897550847021	1.24830763705942e-05	0.000249571179452629
ENSG00000144647	349.55322028088	4.45052244584005	1.06725888400982	4.17004956578006	3.04533398175044e-05	0.000530182409806006
ENSG00000144824	541.488692820731	3.38274596976678	0.94114952587563	3.59427049237423	0.000325301748086555	0.00392970202098146
ENSG00000144867	4049.59972912692	1.18605599208145	0.296249146322281	4.00357606698778	6.23921272750988e-05	0.000981107322065927
ENSG00000145075	97.3109825913835	3.93761801079256	1.15011870110719	3.42366227677363	0.000617833511802789	0.00660217448395837
ENSG00000145358	9.02621206697297	7.53259798874165	1.95473562550371	3.85351240876914	0.00011643535951683	0.0016550597329605
ENSG00000145526	4.23175748376739	20.0384525987009	5.05562953481512	3.96359196430594	7.3830403108509e-05	0.00113197511667015
ENSG00000145623	23.4413464115877	4.90649401040891	1.4614193147027	3.35734854538107	0.000786938431807059	0.00800657923190312
ENSG00000145708	2809.4091455368	5.55770118849371	1.07283313986572	5.18039663576139	2.21414592892636e-07	7.29567686402096e-06
ENSG00000145911	3658.91661002288	3.0297816615551	0.614881185489974	4.92742619721042	8.33198794151098e-07	2.35655918332087e-05
ENSG00000146166	16.7002048732966	7.83350917275182	1.75823547420968	4.45532426552418	8.37664877991028e-06	0.000178450612954027
ENSG00000146426	4089.93048405203	1.72014780488523	0.516029472620871	3.33342937981573	0.000857824452868825	0.00859068427906218
ENSG00000146938	17.7892214773208	9.1620713659916	1.64241965892409	5.57839850260527	2.42743045156593e-08	1.01340635527087e-06
ENSG00000146966	37.1450688890161	4.30404501008907	1.02408399759074	4.20282420213067	2.63605309859943e-05	0.000466772906583194
ENSG00000147231	630.025262645166	5.73183593893905	1.32324724126544	4.33164397415077	1.48000120735075e-05	0.000283578497232732
ENSG00000147408	1835.0563903249	7.57455156499417	0.990438512485382	7.64767471126177	2.04646099335171e-14	2.14671167745640e-12
ENSG00000147437	288.745327345019	1.64243492596251	0.42431518663028	3.87078986968622	0.000108483274897836	0.00155941179371789
ENSG00000147570	119.78503986475	6.55723464563646	0.589728108166084	11.1190810728488	1.01310071136867e-28	4.30541825390366e-26
ENSG00000147573	61.7799654468785	6.61525941122471	1.30730228027021	5.06023703244624	4.18735599645944e-07	1.30453455423532e-05
ENSG00000148180	3059.40080813225	2.18213573350896	0.476105316373763	4.58330469848375	4.57684356799574e-06	0.000105944979463633
ENSG00000148481	2759.09923505231	1.29318177094723	0.338691677955736	3.81816813082794	0.000134446289734695	0.00185847606844273
ENSG00000148826	13.3798477525003	23.6861706372861	3.64931797948626	6.49057461433397	8.55096032188446e-11	5.49316342538423e-09
ENSG00000149054	1403.11370395218	7.56115870788026	1.38109204279614	5.47476813534603	4.38084837268428e-08	1.688562347183e-06
ENSG00000149115	915.788836848957	1.3013175417202	0.348475009035228	3.73432099283954	0.000188222309077669	0.00247980647905667
ENSG00000149256	118.752334047805	8.38125591886147	1.48994181078566	5.62522365517214	1.85267775562722e-08	7.95499510926569e-07
ENSG00000149305	12.2243154341115	40.8292604656353	2.08514680851422	19.5810003875595	2.24566656931227e-85	6.2032796199636e-82
ENSG00000149480	12655.8770887259	1.04597799205339	0.289048242017086	3.61869695091093	0.000296090119005629	0.0036297319766267
ENSG00000150556	68.6694499983937	5.89620021660328	1.06317379937187	5.54584793200021	2.92532991705941e-08	1.19419748880154e-06
ENSG00000150656	114.850902790858	4.04310817811678	0.976729435406278	4.13943517166043	3.48161966896312e-05	0.000593056160260995
ENSG00000150938	1138.01633701822	4.92853746875395	1.11942345916617	4.40274627836108	1.06889144396634e-05	0.000219799091715857
ENSG00000151012	161.830039986337	5.83671301798975	1.12182376492218	5.20287874129198	1.96224911354751e-07	6.54372571588259e-06
ENSG00000151079	68.6510120765097	4.74853432352911	0.965801586684768	4.91667687131167	8.80256678185506e-07	2.47277528546552e-05
ENSG00000151092	13578.1525867187	1.23566574317919	0.245476204520195	5.03374958723356	4.80977884184286e-07	1.46270228485694e-05
ENSG00000151150	1287.52524800551	5.3000846360974	1.12481546486623	4.71195925166954	2.45346446305821e-06	6.0421575053086e-05
ENSG00000151247	6855.47667322731	1.49537348073026	0.411610883925458	3.63297847342897	0.000280168399823641	0.00346530676020673
ENSG00000151276	32.8013542111659	5.58717113285903	1.35078795804818	4.13623107873439	3.53056669218137e-05	0.0006001601267304
ENSG00000151491	133.76137578222	3.94782504011938	1.0408243489392	3.79297913633841	0.000148850667241893	0.00203127483997255
ENSG00000151575	1358.50496210747	6.25562685248343	0.626286698055931	9.98843959468027	1.71256291605325e-23	4.73066962844444e-21
ENSG00000151704	65.112319960644	4.50322767156462	1.11262084718272	4.04740544181543	5.17884923266706e-05	0.000839044449484104
ENSG00000151914	1243.35442132963	3.43809227733071	0.923312236481973	3.72365072343308	0.000196362541203395	0.0025723020060951
ENSG00000151962	41.7875467760087	19.2555037464516	2.42092491683049	7.95377981885584	1.80905520682271e-15	2.17270152158548e-13
ENSG00000152128	919.202277609236	7.23950640734841	0.758881668213715	9.5397038966418	1.43240708615653e-21	3.25215274602168e-19
ENSG00000152256	9244.4598291214	1.89546340913096	0.565349145804469	3.35273065007251	0.000800185373744925	0.00811139589721257
ENSG00000152492	24452.361008508	1.77850690484141	0.387265782699693	4.59247107359486	4.38028239903697e-06	0.000101678992271203
ENSG00000152527	111.475205159493	6.73177884205645	1.35490759496178	4.96844129229811	6.74932272739979e-07	1.97289726426674e-05
ENSG00000152778	3926.85909436531	2.18204646466121	0.572973160536901	3.80828739450298	0.000139932584152222	0.00192788250186112
ENSG00000153064	30473.6533157599	1.69542903653651	0.410723936011654	4.12790414164808	3.66084654816489e-05	0.000619312514682396
ENSG00000153132	256.2287532116	3.65867358851199	0.968016736036051	3.77955612988052	0.000157108175516226	0.00212390774959701
ENSG00000153201	30353.3455206952	1.87952220508113	0.443191493711445	4.24088059394222	2.22644563191646e-05	0.000402850544796762
ENSG00000153253	2699.59696950277	7.34471930697847	0.909801092841757	8.07288468299954	6.8656444990569e-16	8.62054484298251e-14
ENSG00000153292	61.7807696882986	18.6329007929153	2.26796538034156	8.21569013108527	2.10947530256626e-16	2.79699549317866e-14
ENSG00000153551	2136.82077781857	3.35927016646187	0.684946320068191	4.90442837349274	9.36998041590622e-07	2.60567207069177e-05
ENSG00000153922	29787.2898984355	2.37210128224356	0.459686393947016	5.16025993694511	2.46607199943927e-07	8.0458026217926e-06
ENSG00000153993	78.9229563626371	6.38348801580463	1.27573190446301	5.00378488103395	5.62154877379425e-07	1.66974102825925e-05
ENSG00000154025	79.1684924932663	6.36726766851805	1.47152082793861	4.32699799257185	1.51155338632977e-05	0.000288623108583291
ENSG00000154124	10406.7140653423	1.71569450547292	0.410573299179308	4.17877759927985	2.93080110026479e-05	0.00051293661495025
ENSG00000154165	193.273833098165	9.6439436667767	1.408473450774	6.84708942257807	7.53676110010935e-12	5.70384833211016e-10
ENSG00000154240	219.905308469877	5.87342854726947	1.0913207554053	5.38194524220166	7.36851820610194e-08	2.71390712773186e-06
ENSG00000154537	13.6970469975034	4.58840783132009	1.04972024677718	4.37107681347223	1.23635285107158e-05	0.000247778865219593
ENSG00000154639	154.759070937258	3.61554233793229	1.02219399893853	3.53704124822366	0.000404636465386021	0.00466048976880327
ENSG00000154845	7959.29551606485	1.28907016415907	0.384951213566288	3.34865852796459	0.000812038102835629	0.00819155174461212
ENSG00000154928	29.4831419507296	3.24716318578568	0.901323024244755	3.60266308353387	0.000314973665046283	0.00382725331706532
ENSG00000155380	3225.08934801154	2.14667315660185	0.485081596537494	4.4253856916543	9.6270123691139e-06	0.000201462251269815
ENSG00000155966	5413.80606542346	3.32151670402084	0.758721652804486	4.37778029893231	1.1989411663668e-05	0.000241448978023856
ENSG00000156113	381.05031677886	5.02964121514722	1.23733637474151	4.06489400766059	4.80542952276312e-05	0.000786230887564422
ENSG00000156966	1464.85614111884	3.1725150819414	0.626040665161356	5.06758627432567	4.02891911306152e-07	1.25753870771905e-05
ENSG00000156968	66.4714449044435	4.25692693307479	0.94461481205	4.50652147179063	6.58990197496799e-06	0.00014579977208644
ENSG00000156976	134009.094162102	2.23486420247838	0.427596788084242	5.22656919966874	1.72684208374859e-07	5.86489358525596e-06
ENSG00000157106	41637.7975964732	1.28899178509482	0.304704817291461	4.23029670667087	2.33383276236981e-05	0.00042090254846047
ENSG00000157110	389.718744258758	3.43814806069004	0.678180137420609	5.06966788170278	3.98510487208915e-07	1.24620996509445e-05
ENSG00000157191	6984.80356677084	1.01951935021008	0.305475900026592	3.33747883260621	0.000845421611913891	0.00848698836817737
ENSG00000157657	429.37006390432	5.23748153249826	0.986376702463625	5.30981877351407	1.09734294935494e-07	3.8861884706429e-06
ENSG00000157734	14384.3302212122	4.77872637762362	0.688303069166821	6.94276488321953	3.84499069949614e-12	3.0491328159545e-10
ENSG00000157827	707.223747502002	2.671457737025	0.735839955634389	3.63048746751168	0.000282886441109002	0.00349631608869545
ENSG00000157927	5.45381213682987	6.10540554202167	1.77429872898409	3.4410245818738	0.000579515881623679	0.00628356917641446
ENSG00000158077	185.966976167292	5.19406359261614	1.46419341277066	3.54738899063037	0.000389069674770171	0.00451887932000057
ENSG00000158473	1168.44713373312	2.50079936687302	0.528108799643357	4.73538666381218	2.18637858907205e-06	5.4821541203147e-05
ENSG00000158555	2404.34409131138	4.14568181659359	1.02405679302573	4.04829287284405	5.15925630354557e-05	0.000836688003668926
ENSG00000158715	653.020087919439	3.82835333877329	0.865639208555713	4.42257386326199	9.7531989652122e-06	0.0002035930559904
ENSG00000159212	9.92121990385883	6.81108798018486	1.71511053285026	3.97122392389827	7.15043300986907e-05	0.00110243048098205
ENSG00000159231	48.0663142137167	3.48550095067419	1.0337805269723	3.37160631268844	0.000747311896369001	0.00772191232569814
ENSG00000159263	13.511516722263	19.1339466405456	3.48411863425376	5.49176094419753	3.97945805676557e-08	1.5592325728802e-06
ENSG00000159461	29268.5378041522	1.06257763296953	0.287412402636718	3.69704864237401	0.000218120560433495	0.00279808836580863
ENSG00000159556	89.9665787483364	5.17344117565579	1.03040449836292	5.02078667540294	5.14602858075702e-07	1.55073232177213e-05
ENSG00000159720	10114.8526617612	1.5436334085934	0.421832997608822	3.65934722353053	0.000252858536860493	0.00316770777772171
ENSG00000160188	85.0774449533724	3.46067481490289	0.841224817819896	4.11385249411865	3.89110127046758e-05	0.000653405394698376
ENSG00000160190	4184.21741260466	2.29784047386216	0.381212144659165	6.02772106307531	1.6628771854065e-09	8.61266452216477e-08
ENSG00000160200	408.510542167237	3.02597038184539	0.888170283039963	3.4069709825106	0.000656881101795778	0.00695664369403401
ENSG00000160207	20.614237383232	2.09746751156693	0.49372376093593	4.24826122929724	2.15436096560287e-05	0.000392377787295626
ENSG00000160209	5334.52688627116	2.00818788810211	0.495707519526735	4.05115478179427	5.09654782286818e-05	0.000827327949228377
ENSG00000160613	16521.0642547636	1.35622045997858	0.297617503773378	4.55692438375964	5.19081006616597e-06	0.00011785272059813
ENSG00000160746	602.481665570589	2.22842787487869	0.598883041633741	3.72097341210328	0.000198456334209773	0.00259197421843402
ENSG00000161270	117.99093305548	5.8346092258265	1.04279888629162	5.59514332296173	2.20439590282699e-08	9.33198587811251e-07
ENSG00000161544	112.340674812269	2.70404571781705	0.797740089814653	3.38963247847467	0.000699863832351665	0.00731832375860977
ENSG00000161835	6945.97479836336	5.15536018171842	0.932115254219775	5.53081838150337	3.18740207398376e-08	1.29163819007841e-06
ENSG00000161960	66827.6764184531	3.29313752149224	0.448254968269262	7.34657227382717	2.03354288543735e-13	1.90417738888353e-11
ENSG00000162105	301.322171044603	7.32834699565341	1.33630029564202	5.48405700391807	4.15680729110418e-08	1.61626459073854e-06
ENSG00000162341	2982.57511710222	2.85270718504165	0.77668779490424	3.67291362598708	0.000239800555982888	0.00303393466783235
ENSG00000162402	28337.316541631	1.45508776653626	0.375508192870075	3.87498274116143	0.000106632256766486	0.00153814014242623
ENSG00000162426	11.121863087822	4.89328069683949	1.12196843652635	4.36133543291933	1.29271007484205e-05	0.000255672753943104
ENSG00000162438	54.5179386774758	3.86619853491258	0.94984176828147	4.07036062638898	4.69404172893277e-05	0.0007702876001518
ENSG00000162520	966.216497661347	4.19414970527746	0.988080754985125	4.24474384721784	2.18843269445281e-05	0.000397709248660756
ENSG00000162571	21.9032792446565	7.12226659700871	1.83714628948638	3.87680972264867	0.000105835060823084	0.00153063725836107
ENSG00000162702	8022.31239383616	1.41567715655799	0.399548464145747	3.54319258762457	0.000395313898020902	0.00458497728887224
ENSG00000162782	4.67621456097978	19.7699185099703	2.86020548805758	6.9120622950054	4.77657997511956e-12	3.73429417488828e-10
ENSG00000162783	12139.8467854098	2.51152817644055	0.597846310889448	4.20095956217245	2.65786066109679e-05	0.000469130805080066
ENSG00000162817	415.509488780201	7.91760389314489	0.928789507835407	8.52464829366697	1.53274825992747e-17	2.35220089444796e-15
ENSG00000162989	28.7079901789735	9.16117430659068	1.66017984054155	5.51818187576733	3.425248420086e-08	1.37457790107761e-06
ENSG00000162998	631.551545083484	5.67054590063486	1.34612635581958	4.21249155112365	2.52569164947844e-05	0.00044915035835253
ENSG00000163209	62.0700126969396	39.8531186055349	2.51186332994928	15.8659582033628	1.09040517544489e-56	1.29088395555883e-53
ENSG00000163491	146.637985289761	4.15565147113536	0.940042873810076	4.42070419011011	9.83797727223464e-06	0.000205100170201279
ENSG00000163531	49.7366627342684	5.05468866344769	1.37573987136681	3.67416018729312	0.000238632995122016	0.00302834959051064
ENSG00000163590	554.368897052032	3.72526066565774	1.02072277843514	3.64963018790361	0.00026261811600432	0.00327342633297266
ENSG00000163606	275.718137419775	2.54109223911442	0.58299092093593	4.35871665897467	1.30827362957812e-05	0.000257521699959949
ENSG00000163618	769.36009360166	10.1657701395825	1.56290360898588	6.50441273609878	7.79974771069547e-11	5.06393775436339e-09
ENSG00000163689	725.566804915093	4.67155403894525	1.19702385892697	3.90264070687188	9.51488916429421e-05	0.00140677763611965
ENSG00000163806	3396.97680098233	1.29615119750884	0.343710291799826	3.77105727827234	0.000162557352071531	0.00218864789052279
ENSG00000163811	7964.79186277753	1.26386447140051	0.304908992520897	4.14505476191847	3.39732509943453e-05	0.00058048728039204
ENSG00000163833	23.4364002195512	19.9523267252564	2.01940972470655	9.88027663784562	5.0692770272877e-23	1.37734749918469e-20
ENSG00000163864	218.684296616844	4.58222815403122	1.0184533227319	4.49920291068407	6.82087293878627e-06	0.000150331313946069
ENSG00000163995	82.380740239271	2.41351294947639	0.585277647266275	4.12370600645602	3.72824705572537e-05	0.000629246096757558
ENSG00000164099	3.7234276505301	5.85932130010552	1.69340000996864	3.46009286973727	0.00053998911720658	0.00594274875735847
ENSG00000164236	3989.69782522893	8.48073181993796	1.01131941058108	8.38580940028149	5.0377905118008e-17	7.19796033987814e-15
ENSG00000164292	729.19039804586	6.81411713750683	1.03254158393513	6.59936339952282	4.12927018228916e-11	2.78205382118945e-09
ENSG00000164304	104.01338244882	3.75084034541091	1.12366390984978	3.33804468803519	0.000843701790221796	0.00847485664917336
ENSG00000164327	24850.6695584653	1.85839471687981	0.502183318622289	3.70063012442988	0.00021506476170284	0.00276530904613101
ENSG00000164330	8900.94345280606	6.37696181389666	1.12759314280323	5.65537477289312	1.55506576163436e-08	6.80043797713137e-07
ENSG00000164430	1544.2928558547	2.49395114701387	0.516843389004831	4.82535174110654	1.39756395886474e-06	3.70019569556297e-05
ENSG00000164742	64.8499315586737	9.31809275984743	1.49791076449225	6.22072621462602	4.94859022690209e-10	2.77087616286065e-08
ENSG00000164776	1216.30482699869	2.84677162357833	0.476892951028199	5.96941434642845	2.38106721101407e-09	1.20684427998004e-07
ENSG00000164850	569.034887006441	3.38693256140934	0.989168996571241	3.424018113335	0.000617025081337729	0.00660204886900679
ENSG00000165186	8.65844239369298	47.1699595388767	2.42424533916047	19.4575849139147	2.51353479052579e-84	5.95133223116777e-81
ENSG00000165219	10970.2756568102	1.37225301513546	0.3632149091477	3.77807457947007	0.000158045553680738	0.00213310016832618
ENSG00000165494	30133.0636394425	1.04488074819677	0.285148181101519	3.66434302389876	0.000247974267976198	0.00311830464145485
ENSG00000165695	115.378620205972	7.55015432968275	0.89745317749145	8.41286712114257	4.00108143585708e-17	5.76642814938219e-15
ENSG00000165714	2073.87793942712	2.62915311820825	0.536981237827084	4.89617314907915	9.77209702938798e-07	2.70388541177089e-05
ENSG00000165732	31205.3988539143	1.75825336558499	0.487928058554586	3.60350944111218	0.00031394933822426	0.00381760552584658
ENSG00000165917	123.578627782712	2.41172246631528	0.558275916418413	4.31994717197824	1.5606655718615e-05	0.000297309085878352
ENSG00000166012	33466.886745433	2.88749707420009	0.518699763041627	5.56679852188088	2.59462101043346e-08	1.07777565481013e-06
ENSG00000166016	236.480421945522	4.11214736574938	0.850180519320288	4.83679321308962	1.31950573106805e-06	3.52165668063154e-05
ENSG00000166086	2090.61533174171	5.84751531653872	1.45844201080887	4.0094259992522	6.08665235649288e-05	0.000964104046990017
ENSG00000166226	18306.2143475383	1.04374546015336	0.244804935193047	4.26358014118581	2.01177299755629e-05	0.000369657712433458
ENSG00000166233	14064.5122913977	1.24897748806668	0.34212287899946	3.65066929086802	0.000261557843740782	0.00326435218536124
ENSG00000166387	5645.20635389397	2.25135127933848	0.515666146501959	4.36590863024577	1.26595393936754e-05	0.000251883800613177
ENSG00000166428	2939.91278385414	4.01580341938697	0.923088218999724	4.35040046739906	1.35889126990061e-05	0.000265592734756282
ENSG00000166558	4.39572798910401	4.39326671790968	1.21560539618056	3.61405661056899	0.00030144319830759	0.00368445395925516
ENSG00000166582	402.470324100157	1.85925894494616	0.527183889515647	3.52677496775245	0.000420654122094191	0.00481486285883227
ENSG00000166592	23.948274219789	2.24545770383384	0.549598355263441	4.08563395856146	4.39566306021334e-05	0.000724912632437571
ENSG00000166736	1496.59299214943	10.5180402282472	1.13367877610891	9.27779583591393	1.73020657715346e-20	3.54030170490636e-18
ENSG00000166833	247.731771720369	5.84992349111152	1.23577951441577	4.73379225247728	2.20363282034006e-06	5.5170710520115e-05
ENSG00000166949	6696.45461120547	4.36994517994439	0.606010556776161	7.21100504121827	5.55403982652757e-13	4.89641787685468e-11
ENSG00000166961	19.4918900002746	34.288824852183	1.77075945610947	19.3639089340338	1.5561680193379e-83	3.2239910940633e-80
ENSG00000167291	331.289554325372	5.08070974819727	0.739464977919401	6.87079158568487	6.38466158858435e-12	4.92183168228823e-10
ENSG00000167476	680.260850155366	3.5773663947321	0.847319943849926	4.22197827479168	2.42167455965961e-05	0.000432054490817684
ENSG00000167995	11684.8839393047	3.825551246994	0.950979431186689	4.02274867524763	5.75228682796435e-05	0.000919548418165054
ENSG00000168140	37.4730920462313	3.66644910709362	0.77204110475559	4.74903354822582	2.04391038439066e-06	5.17978145426465e-05
ENSG00000168234	3214.52029379885	1.69152499931868	0.406024980603499	4.16606140046967	3.0990726601779e-05	0.000538407025888769
ENSG00000168260	121.078461633682	2.88170832920825	0.622749856362737	4.62739300501697	3.70297425661566e-06	8.76758504702113e-05
ENSG00000168297	10767.4113477905	1.00529697270673	0.251967119746283	3.9897942783924	6.61306266433649e-05	0.00103206121091067
ENSG00000168427	9.26536781501555	7.84459687338228	1.50235106323128	5.22154712395249	1.77434463524268e-07	5.9870474346461e-06
ENSG00000168447	26.3415854495522	6.49258517075932	1.39236051638645	4.66300580514114	3.11623959107587e-06	7.47446526519414e-05
ENSG00000168453	7.74233838719894	5.75257328005707	1.22558143860928	4.69375032848472	2.68241387884004e-06	6.53798935704336e-05
ENSG00000168615	1337.25828201916	2.30398187035696	0.592712014341427	3.88718604416507	0.000101413027160818	0.00147569755238226
ENSG00000168952	317.911555080013	4.09208435317742	1.13790959289445	3.59614188924145	0.000322971681071137	0.00390440017656676
ENSG00000168994	368.608417202732	5.77293875278233	1.13277731006568	5.09626976236628	3.46411407181304e-07	1.09988939896991e-05
ENSG00000169071	9.53183504634556	5.23797155120157	1.34106663688247	3.90582496584816	9.39044679507559e-05	0.00139086027865579
ENSG00000169193	1169.75497857595	1.94676401869095	0.560297144257946	3.47452068717794	0.000511766900744883	0.00568119532012437
ENSG00000169855	1412.35577865534	7.43323625221647	1.05219807917391	7.06448376911348	1.61214184879921e-12	1.36324688785705e-10
ENSG00000169902	769.285479531481	2.83026932989957	0.828870437226117	3.41461005579026	0.000638733832528524	0.00678613752585112
ENSG00000169962	1261.5197072378	2.6045990589194	0.61613504460752	4.22731847784854	2.36492823688241e-05	0.000425122783059535
ENSG00000170011	412.911006438094	7.61822635550772	1.53403348161505	4.96614086120673	6.82983549167011e-07	1.9859244462972e-05
ENSG00000170340	3485.35983289187	1.4022502623711	0.410756760025157	3.41382150907321	0.000640585276521953	0.00680144802887562
ENSG00000170477	14.1636435941837	41.2900718826569	2.71836872679266	15.1892829974446	4.16449912108226e-52	4.31390052705108e-49
ENSG00000170545	796.90312094171	4.15224805591694	0.602462461004777	6.89212743478139	5.49640999153439e-12	4.27687789669911e-10
ENSG00000170776	74222.2174775958	1.12825425389164	0.333812393512447	3.37990522766367	0.000725108283249593	0.00754896023026304
ENSG00000170779	1737.5699972447	1.97716397966297	0.563974205654004	3.50577022821492	0.00045528807284715	0.00512632100500588
ENSG00000170786	94.5155876427234	10.857223957402	1.68228643184775	6.45384980337554	1.09043887184787e-10	6.8980663595445e-09
ENSG00000171056	68.2151036811456	3.74994627089313	0.537914913538093	6.97126288287521	3.14108389590821e-12	2.50290021590301e-10
ENSG00000171060	4.77657845508158	23.5970740363622	3.79261682509445	6.22184500164332	4.91342318575715e-10	2.76051104680471e-08
ENSG00000171368	231.027764129727	4.07434942560663	1.09859767708894	3.70868199576284	0.000208340887103202	0.00269558303110732
ENSG00000171444	252.527417621708	4.11431292773264	1.15204152770867	3.57132345386518	0.000355181928919422	0.00422597651824156
ENSG00000171476	5103.68071346213	4.03356354894643	0.924781690635394	4.36163863297842	1.29091958868022e-05	0.000255623671001028
ENSG00000171551	217.595451370962	4.12992475603953	1.22448421044728	3.37278726896033	0.000744114191125325	0.00769924960791713
ENSG00000171621	596.431227310828	3.83642294404941	0.774693369839581	4.9521824936282	7.33857326657177e-07	2.10314193899126e-05
ENSG00000171643	2299.01620938865	5.41813015998201	1.18304735722745	4.57980834569441	4.65402197146163e-06	0.000107431420828698
ENSG00000171793	2908.80315643085	2.58206350834582	0.454015533073531	5.68716997602732	1.29161884014299e-08	5.78575423149458e-07
ENSG00000171811	14.2545659869358	4.84204339240041	1.36060598874837	3.55874032044695	0.000372637734593262	0.00437400694982205
ENSG00000171813	1542.77962731251	2.36340402732851	0.437681645576566	5.39982439568639	6.6706160059294e-08	2.47954973326561e-06
ENSG00000171819	2.02161794914168	21.8915078375786	5.71661050288411	3.82945590337737	0.000128426892459982	0.00179019959262552
ENSG00000172058	1345.19449662008	1.32408981669139	0.372429469316495	3.55527670546972	0.000377581502650066	0.00441577079933932
ENSG00000172164	995.764434051748	4.70745166717953	0.869646643852799	5.4130625357491	6.19558403825181e-08	2.32847187868448e-06
ENSG00000172425	39.3085319340487	2.29483970411061	0.616074142799739	3.72494078988893	0.000195361071013221	0.00256366935152266
ENSG00000172426	587.72261645644	3.70869268304645	0.975002078569348	3.80377925807947	0.000142505177214901	0.00195844179698156
ENSG00000172538	8.11439366174409	5.537834384276	1.15886828741475	4.77865728522956	1.76469689422175e-06	4.55577668611078e-05
ENSG00000172828	119.746360168238	3.02621900859317	0.803062524036185	3.76834794056062	0.000164331540869717	0.00220536919706452
ENSG00000172927	46.2120268652636	6.4197444553876	1.08489567993496	5.9173841080946	3.27102185345581e-09	1.60396201772712e-07
ENSG00000172986	129.666255957755	1.70819640113522	0.470764610063663	3.62855738222168	0.000285009405677477	0.00351730892754914
ENSG00000173193	39419.9337954471	2.017656623348	0.34081246771306	5.92013736142636	3.21672837282352e-09	1.58201946739398e-07
ENSG00000173262	1592.44679829458	3.2893916928903	0.737302552292169	4.46138655381573	8.14310513712187e-06	0.000174146870377623
ENSG00000173540	7744.05071529289	2.06998895981529	0.62504191038186	3.31176026028505	0.000927109585733883	0.00919563990063039
ENSG00000173575	63020.1691508059	1.22664142880505	0.337970057505448	3.62943817525989	0.000284038747318271	0.00350794202537483
ENSG00000173585	112.779257764453	4.59465875796387	1.20028788498572	3.8279639538464	0.00012920767313784	0.00179805875280147
ENSG00000173809	136.880508437546	5.83659660398059	1.56275161355144	3.73482039843594	0.00018784919899476	0.00247685968507491
ENSG00000174326	152.301554397948	1.86767286858026	0.539080550270033	3.46455250081777	0.000531114458417549	0.00587285731932482
ENSG00000174429	37.0284028581149	19.9589254016326	5.11385375511944	3.90291282414008	9.50419413862091e-05	0.00140645101476342
ENSG00000174473	87.1543225513113	9.39154839698957	1.73719428644446	5.40615892550013	6.43906673721929e-08	2.41450434621431e-06
ENSG00000174945	273.021514536626	2.59733752078456	0.74714751004103	3.47633832125323	0.000508310609814	0.00565039573913966
ENSG00000175048	996.692839129528	5.40512026045861	0.831046796748875	6.50399024652268	7.82169702616767e-11	5.06393775436339e-09
ENSG00000175161	104.420447437867	6.332683570931	1.818494120967	3.48237780805338	0.000496981974990654	0.00554359045939611
ENSG00000175305	846.306807426552	1.41779445221385	0.42252468568631	3.3555304583232	0.000792129332139671	0.00804951045425071
ENSG00000175505	526.248964313404	5.19345490296097	1.05085711858317	4.942113262708	7.72802959250886e-07	2.20455012850674e-05
ENSG00000175920	344.608066459734	10.8782856400783	1.20667879214292	9.01506325536705	1.96756881929522e-19	3.50650382913967e-17
ENSG00000175984	190.031704693302	3.76554659975515	0.918977910617771	4.09753766249268	4.17568244482424e-05	0.000694160088671182
ENSG00000176302	5.27632952035905	8.46610719333047	2.36901213602655	3.57368671294793	0.000351990042768984	0.00419402082591887
ENSG00000176383	453.155966923035	4.86497531764289	1.06513493294924	4.56747325352698	4.93638642302211e-06	0.000112849198034715
ENSG00000176490	348.86737005825	3.51021966039129	0.907109040449724	3.8696777386884	0.000108979308201451	0.00156382948409597
ENSG00000176563	443.371493446581	5.4054690293909	1.18257402862773	4.57093501001663	4.85552862369688e-06	0.000111616548417687
ENSG00000176853	11560.0560944704	1.88122483237813	0.507903842975286	3.7038995833502	0.000212310328837134	0.00273626080104717
ENSG00000177151	10.1027394776772	6.67764443282078	1.50377922439324	4.44057500230138	8.97188278820371e-06	0.000189080822458581
ENSG00000177283	52.4941304952933	7.08452779326546	1.23168627401673	5.75189311005445	8.82495931689458e-09	4.07423052139863e-07
ENSG00000177363	15.5353790358807	2.94960890522735	0.818056013057748	3.60563195935964	0.00031139420478918	0.0037920995960146
ENSG00000177494	233.701060847782	7.09655410977652	1.18257787429214	6.00091906338456	1.96203778517483e-09	1.00677443503058e-07
ENSG00000177570	884.062982223858	6.41440399887751	1.27784198216132	5.01971612172916	5.17478955388553e-07	1.5565691845027e-05
ENSG00000178015	12.8968195211921	3.80082646466147	1.07457304027965	3.53705734481515	0.000404611804643587	0.00466048976880327
ENSG00000178075	1184.05401869528	2.82375536449455	0.796439675055045	3.5454730005752	0.000391909134457142	0.00454867086449067
ENSG00000178217	32.1651994552242	3.30335573549002	0.793442786368887	4.16331938766184	3.13654145489247e-05	0.00054297666568548
ENSG00000178295	10118.7759143414	2.17635201153229	0.563003634188538	3.86560917083437	0.000110812267321128	0.00158738333498735
ENSG00000178445	159.562411965475	6.88127410779999	1.191102601456	5.7772303573079	7.59402843283512e-09	3.53548952937666e-07
ENSG00000178860	68.5112849683597	6.39949555278719	1.28992235062746	4.96114789364979	7.00778085091277e-07	2.02346619900746e-05
ENSG00000178965	19.7554123565684	5.28864589825563	0.815603992458019	6.48433056625559	8.91266192180808e-11	5.70341539351534e-09
ENSG00000179029	10279.1087944948	4.92467385369869	0.9258221414898	5.31924398111075	1.04199326160427e-07	3.72198196504939e-06
ENSG00000179674	29.955616438536	49.9599032099898	1.9156160597974	26.0803322014713	6.09496137656929e-150	1.01017889855259e-145
ENSG00000180263	6749.25957768364	4.16932235351569	0.745687992751718	5.5912424419363	2.25450525765101e-08	9.4597899089387e-07
ENSG00000180530	13325.6937484825	3.78150971824306	0.826953070550483	4.57282263396857	4.811974558326e-06	0.000110768981013465
ENSG00000180535	573.824834628901	5.09387853889323	1.20085833170905	4.24186467661316	2.21670341684429e-05	0.000401965453290781
ENSG00000180549	228.983250005427	5.60886291017731	1.06118329348218	5.28547984559039	1.25375676570624e-07	4.37152443266987e-06
ENSG00000180817	6238.39912766328	1.23559129203693	0.324899391685729	3.80299663112973	0.000142956300421136	0.00196138884369198
ENSG00000181143	288.542491299427	8.51670666357193	1.52251428436315	5.59384351992099	2.22097140692503e-08	9.3459916501451e-07
ENSG00000181333	6.9777511566659	21.2788489260635	2.60946189751386	8.15449688931531	3.50636440573076e-16	4.57594359532138e-14
ENSG00000181418	56.6088729833389	2.23282269208478	0.545654906690474	4.09200515693586	4.27659138920504e-05	0.000708802256846843
ENSG00000181690	1052.32662385751	3.95257914953581	0.562910927634402	7.02167777439723	2.19219651068128e-12	1.78982586049417e-10
ENSG00000182149	23455.4822806781	1.23427032646881	0.362312786687065	3.40664302177904	0.000657670831609746	0.00696055961883776
ENSG00000182450	21.4125444771798	3.89557776378128	0.883671055142063	4.40840258500378	1.04135840339203e-05	0.000214937411928015
ENSG00000182783	4.99896339842207	6.18641241802212	1.59784390088932	3.87172515073526	0.000108067770103777	0.00155478751883681
ENSG00000182795	86.0488878590358	3.90422518806759	1.09968704117741	3.55030571596753	0.000384784030931789	0.00448166586694551
ENSG00000182870	9.57788440236494	6.21650871424877	1.87459880086041	3.31618088702259	0.000912567410638812	0.00908743018982018
ENSG00000182985	450.650978257826	4.16316118457255	1.11783335685016	3.72431289427929	0.000195847901266966	0.00256802461677112
ENSG00000183130	16.9682657740752	7.61143150163226	1.47603863401241	5.1566614357116	2.51391750685359e-07	8.18578953999832e-06
ENSG00000183310	4.31749818504	4.79806343377275	1.42653246576893	3.36344496105561	0.000769761836839802	0.00788506346340104
ENSG00000183741	6945.76993993397	1.30295096829871	0.373802417935548	3.48566757672328	0.000490910636209598	0.00549011665623339
ENSG00000183742	1189.27101785008	7.06878029097908	0.799466159401752	8.84187555389301	9.41250273236888e-19	1.5757860634978e-16
ENSG00000183801	4.17996120908659	46.2274146719554	2.17872792985679	21.217616958256	6.56690297486526e-100	2.72099624763542e-96
ENSG00000183873	9.10738042031058	7.23283441367742	1.90694860317205	3.79288377339913	0.000148907863555367	0.00203127483997255
ENSG00000183876	963.861941880416	9.30948296937103	2.14250004084382	4.3451494944684	1.39180844027876e-05	0.000271067368850531
ENSG00000184022	23.6153280403743	6.23994714527908	1.46336790032582	4.26410005569327	2.00709496688967e-05	0.000369207458171247
ENSG00000184305	1875.35096538348	9.93309462647768	1.25468687117413	7.91679171487811	2.43717511286853e-15	2.88526716576308e-13
ENSG00000184524	29.8307628041293	3.89672294066883	0.889219692013321	4.38218246364528	1.17496340609808e-05	0.000237196632066621
ENSG00000184557	1884.36092941311	3.97408894671499	0.861267654134897	4.61423220486177	3.94551124773117e-06	9.26245090933376e-05
ENSG00000184682	20.2763615381149	7.6291470380944	1.83199233464895	4.16439899545556	3.12173784528516e-05	0.000541466484150564
ENSG00000184838	4.4357467898902	5.55008529661289	1.5186825744895	3.6545393947636	0.00025764410256569	0.00322278743843301
ENSG00000185156	9.50959289995862	5.8392248361662	1.56673350063749	3.72700579504446	0.000193768005030843	0.00254679691941411
ENSG00000185347	2292.15988302191	2.62185704348143	0.692731264712335	3.78481119163891	0.000153825317562652	0.00208935689025031
ENSG00000185420	2587.79636391257	1.22982680809096	0.330452598539734	3.72164362914847	0.000197930231098831	0.00258918362291399
ENSG00000185565	105.953640931255	6.10953068519228	1.6912136200789	3.61251270250961	0.0003032442468555	0.0037010089450538
ENSG00000185567	108.595322031306	5.23270526810169	1.23897108162566	4.22342808940773	2.40614166204305e-05	0.00043019840244554
ENSG00000185614	421.473657670458	6.90116618304658	0.604239122672916	11.421250170824	3.2748878223456e-30	1.46697272344746e-27
ENSG00000185666	142.58724780123	6.19820561011383	1.41398441148563	4.38350349534728	1.16785774240956e-05	0.00023633790259702
ENSG00000185689	560.117474080581	4.81921144352452	1.3150338371198	3.66470527791102	0.000247623564515489	0.00311625889011367
ENSG00000185863	2.54829970032334	6.26085071011018	1.81617467520435	3.44727343442653	0.000566275144019947	0.00616652052364428
ENSG00000186472	108.740846366247	5.73590205548572	1.30491103359443	4.39562691081396	1.10453507285055e-05	0.000226286332477441
ENSG00000186642	132.694827936731	4.45511699938832	0.853226363576302	5.22149477509658	1.77484638116996e-07	5.9870474346461e-06
ENSG00000186891	205.539273235529	4.34898793535656	0.917396270392822	4.74057730090222	2.13110124717466e-06	5.36791368855211e-05
ENSG00000186919	353.342825396348	2.85683004338877	0.725419721006131	3.93817532204177	8.21035959532404e-05	0.00123595367786467
ENSG00000187066	141.42578055827	5.16245254016225	1.24798668761732	4.13662468629252	3.5245187656496e-05	0.00059974716654904
ENSG00000187080	49.8590822612793	7.10048067900558	1.66159208543038	4.27329953077288	1.92601448188074e-05	0.000356667754443479
ENSG00000187260	162.148645130517	3.15336926585494	0.909533084863757	3.46701985703719	0.000526263011366809	0.00582650845049666
ENSG00000187323	35.5550772293822	19.9134646547154	2.19103353825268	9.08861699606665	1.00306802597151e-19	1.82690653433537e-17
ENSG00000187537	7.89581925667087	8.1285738868103	1.89278774648034	4.29449836724983	1.7508876992896e-05	0.00032716136108259
ENSG00000187695	40.0454195846011	6.41744271310271	1.8760061425527	3.42080048009354	0.000624371198685719	0.00666344381649524
ENSG00000187720	179.189151804134	19.9610350997137	1.8879656924763	10.5727742719373	3.98527705705697e-26	1.40536131795026e-23
ENSG00000188032	4.54560625942707	6.04818908055641	1.80058138545301	3.359020108405	0.000782193755237651	0.00797298849895992
ENSG00000188157	564.624911793117	2.11908745480929	0.59350550469459	3.57045964704194	0.000356355351709697	0.00423689641265173
ENSG00000188167	1096.98027715254	2.14109470807742	0.638981641433103	3.3507922125515	0.000805807418479281	0.00814356838650952
ENSG00000188343	619.188759837345	3.52133923534673	1.0130233487848	3.47606917409244	0.000508821025777635	0.00565227860672823
ENSG00000188385	70.4314037408854	2.25964275774611	0.562350338575036	4.01821178497362	5.86414796935642e-05	0.00093364446151886
ENSG00000188452	2569.11900419584	5.22499128042305	1.08195544422005	4.82921113649885	1.37075005539504e-06	3.64083516315984e-05
ENSG00000188558	12.9825996875698	7.60415981542661	1.55392482599603	4.89351845611483	9.90490208799673e-07	2.72697420608734e-05
ENSG00000188738	397.631638478076	6.95486210536874	1.71047019361005	4.06605279141994	4.78161087075224e-05	0.00078310690288387
ENSG00000188833	5.71013001592708	5.87905876709437	1.20666355020958	4.87216073285156	1.10384305310049e-06	2.9991958626373e-05
ENSG00000188958	65.09993333111	4.89951608823963	0.742857257680327	6.59550140701194	4.23821017284822e-11	2.84389050221807e-09
ENSG00000188981	270.089512300632	2.08541340889162	0.537038867959459	3.8831703500631	0.000103103281128856	0.00149585816586592
ENSG00000189051	19.7948578130488	3.56316322045378	1.0492647895296	3.39586656867728	0.000684117004599314	0.00719291865413718
ENSG00000189129	4.78017184305548	21.9462567217492	3.1121720350721	7.05174922029681	1.76682425917849e-12	1.47895683190022e-10
ENSG00000189167	23.9110803953022	2.71862407972004	0.708575796348768	3.83674420397774	0.000124676214449679	0.00174673168071765
ENSG00000189292	20.2766473156529	6.37471893997115	1.63019944803708	3.91039203678232	9.21464405806642e-05	0.001370675392351
ENSG00000189337	51.7572104932603	7.03103456556022	1.40847312493998	4.99195507607563	5.97711593188888e-07	1.76585952682935e-05
ENSG00000196071	72.9273085979749	6.00361160232417	1.22740992963711	4.89128485712931	1.00179855627405e-06	2.75353387590151e-05
ENSG00000196240	12.2463101492506	7.17763515726227	1.40711671073728	5.10095225398996	3.3794881694886e-07	1.07507940347608e-05
ENSG00000196482	73.7370149400913	6.51456511940104	1.26446957174324	5.15201414488751	2.57703593091458e-07	8.37486147430947e-06
ENSG00000196502	877.004510084095	3.06098603160981	0.638943795215898	4.79069685710855	1.66203069197014e-06	4.32441078315747e-05
ENSG00000196539	5.17110769026552	7.06764854316681	1.35981532808064	5.19750615926846	2.01979850007793e-07	6.69522806805832e-06
ENSG00000196549	7083.47319168194	4.48716190677363	1.06783698722981	4.20210384209885	2.64445769205397e-05	0.00046776138514517
ENSG00000196632	63.3756825494711	7.36371869112375	1.6499388615669	4.46302518393356	8.08105508747457e-06	0.000173043161524294
ENSG00000196890	799.029434865575	8.48356509867928	1.38203769712195	6.13844695867994	8.3332126509615e-10	4.51355119206e-08
ENSG00000196935	69.8815841833708	4.38979084047303	1.18270363027194	3.71165753457921	0.00020590645397044	0.00267243035873616
ENSG00000196936	19.8580917150014	5.15905931634927	1.51910080229872	3.39612704340786	0.000683466289015348	0.00719291865413718
ENSG00000197599	379.179516556785	2.14617912756963	0.485715759839106	4.41859067591414	9.93465982855412e-06	0.00020607891364012
ENSG00000197721	299.392956270944	5.99330137446351	0.784624211548457	7.63843542711449	2.19877179413625e-14	2.29197759220216e-12
ENSG00000197826	42.8911711942025	21.7894042303637	1.69706070797475	12.8394960345095	9.85136724530756e-38	6.80319003015531e-35
ENSG00000197837	5448.20291622929	3.7751203530908	0.935893879975605	4.03370556626485	5.49041059878002e-05	0.000880910602751017
ENSG00000197969	10956.8389733962	1.78189183440846	0.473280631046716	3.76497941711156	0.000166562802166013	0.00222809675794955
ENSG00000198128	9.22663047634628	5.55692696446885	1.5844209680904	3.50722887186115	0.000452799517463282	0.00510254649219308
ENSG00000198265	19255.1904637886	1.02595661098308	0.309023033960191	3.3200004473299	0.000900173038790194	0.00898222031601967
ENSG00000198363	2759.94416568489	6.14061488154379	0.96662791253664	6.35261490166314	2.11685194975719e-10	1.26203971997395e-08
ENSG00000198680	118.582615568707	4.55521564575189	1.00282567188213	4.54238036926452	5.56225624619928e-06	0.000125086614687255
ENSG00000198719	250.201243846704	3.70099830035369	1.10694510016713	3.34343437609951	0.000827482627554419	0.00833213673699085
ENSG00000198743	7599.79022137641	2.30392791916214	0.508270886092724	4.53287406814372	5.81865078751078e-06	0.000130109868709612
ENSG00000198780	1500.44565240608	5.24038387750539	1.14742720456701	4.56707306280305	4.94581658479395e-06	0.000112909041427514
ENSG00000198835	80.517793801909	4.51750973450681	0.857071418318254	5.27086732558539	1.35780595313283e-07	4.68839080567157e-06
ENSG00000198836	11400.0082354246	1.33236837773391	0.374025157241144	3.56224267790333	0.000367700248382743	0.00433138871122643
ENSG00000198945	5189.78997534968	1.31708461955871	0.378856268266028	3.47647572412307	0.000508050220386708	0.00565039573913966
ENSG00000198959	435.4663794132	3.8826294910192	0.803828612931767	4.83017079580964	1.36415984215806e-06	3.62914690592741e-05
ENSG00000203661	5.75370883811705	6.54793181081937	1.26050510840883	5.19468883318132	2.05062536479306e-07	6.78384526867868e-06
ENSG00000203710	11943.6252709892	5.22127997041158	0.745095319732278	7.00753290503508	2.42556985821068e-12	1.96104365024311e-10
ENSG00000203818	129.304481394218	4.28784681835182	1.03055301481725	4.16072415169459	3.1724007758232e-05	0.000547131846602432
ENSG00000204152	2050.41845131654	1.30342182773777	0.28586886356265	4.55950959993976	5.12732131307698e-06	0.000116731076157882
ENSG00000204161	728.702926830589	4.3795063039134	1.19327801444395	3.67014748524818	0.000242410562474265	0.00306228099271987
ENSG00000204178	4453.47423309252	1.3478737344759	0.342894906666127	3.93086542923867	8.46406395933992e-05	0.00126723935015447
ENSG00000204767	9.24997860999892	8.78133605228618	2.55214110776805	3.44077215227563	0.000580056766013885	0.00628356917641446
ENSG00000205572	1368.08225384953	1.31273911213241	0.373764813023337	3.51220624946961	0.000444402974245726	0.00503110307045673
ENSG00000205795	245.327705117246	5.21529991906841	0.981469043031963	5.31376914645953	1.07380640131851e-07	3.82736931085012e-06
ENSG00000206579	28.4647921852927	18.4103236369094	2.68059116221119	6.86800877972118	6.51042154597338e-12	4.99554290291494e-10
ENSG00000211448	10.3499682376631	18.6851802268279	1.9601556077475	9.53249841643944	1.53542669984157e-21	3.43894082745597e-19
ENSG00000211455	3507.2663587269	1.63746290108132	0.336537028394128	4.86562476912242	1.14095805005507e-06	3.08990828784523e-05
ENSG00000213047	4348.49473855242	2.07588132978071	0.418711665213829	4.95778241267913	7.13023528788439e-07	2.05524382019819e-05
ENSG00000213085	914.764950247082	3.726578990199	0.867463094021202	4.2959510506944	1.73945965346949e-05	0.000325392825018097
ENSG00000213901	309.071994744649	1.76590136153411	0.450355591167711	3.92112676331022	8.81358806650891e-05	0.0013171903391733
ENSG00000213977	1812.53444032424	1.27979553708971	0.361395784934353	3.54125750891695	0.00039822471730681	0.0046058454044962
ENSG00000214215	353.599927804852	3.11826532346938	0.631986891487848	4.93406645844858	8.05350167146307e-07	2.28951520931096e-05
ENSG00000214300	176.782824311494	3.19082696313884	0.952826176651813	3.34880279459917	0.000811615417239653	0.00819155174461212
ENSG00000214595	18545.5855380779	3.40042885262631	0.849345244095644	4.00358850098346	6.23888465558472e-05	0.000981107322065927
ENSG00000214756	13660.9029662525	7.49313651999946	0.938129418531691	7.98731643201991	1.37907785805964e-15	1.68064973672651e-13
ENSG00000214872	13.9399161942389	19.5305005128675	2.65053426147083	7.36851464128205	1.72539586411861e-13	1.62481312794897e-11
ENSG00000215021	30413.9759898158	1.88604761070862	0.308069983966916	6.12214012680692	9.23267710316389e-10	4.92033409349963e-08
ENSG00000215529	73.0621517658171	2.06436885653957	0.549862440898518	3.75433690863887	0.000173800964676077	0.00231000576466824
ENSG00000215910	94.7264915743903	5.80516650528769	1.08414502450283	5.35460328100464	8.57443335695023e-08	3.1233551309471e-06
ENSG00000218819	79.1192025504252	9.26760498288082	1.83530632420357	5.04962297610046	4.42682885017782e-07	1.36375950488563e-05
ENSG00000218823	4.63759927297466	6.29233468225145	1.60506779115371	3.92029216269336	8.8441682197334e-05	0.00132056976643118
ENSG00000219607	87.9195348097512	4.06506144391478	0.702023326386422	5.79049340830195	7.01799526336894e-09	3.3044390197465e-07
ENSG00000221962	4.17381202117369	24.9511233342224	2.82592961093066	8.82935061004768	1.05285204352123e-18	1.74499697693209e-16
ENSG00000222046	13.1221131958913	4.39058106134911	1.11520915736147	3.93700233930737	8.25058029958914e-05	0.00123863331417926
ENSG00000232040	78.6805518574338	6.84390726806168	1.53477314966818	4.45923051855665	8.22544190422251e-06	0.000175681023351268
ENSG00000233436	41.4384316395414	6.6968768510008	1.70009603797599	3.93911679188055	8.17821143264607e-05	0.00123335465227185
ENSG00000234965	715.625321932653	5.59787686593464	0.544765119704251	10.2757622752604	9.06251597377553e-25	2.78152110646955e-22
ENSG00000235162	1600.56150142243	3.74846150668716	0.898861264877013	4.17023366470246	3.0428748421181e-05	0.000530182409806006
ENSG00000236699	450.715472431671	5.11420032193962	1.31642004736875	3.88493044614586	0.000102359188390003	0.00148685467868177
ENSG00000243284	11.5332643500945	2.85890284113701	0.742415323782296	3.85081335144336	0.000117726197069152	0.0016691137640925
ENSG00000248383	4.22771669899097	18.9987218970457	2.97766963146448	6.38039952326803	1.76626580579941e-10	1.08422553575257e-08
ENSG00000253293	564.023404296032	4.86506685705198	0.925314511853244	5.25774403700651	1.45833304182548e-07	5.00422605283966e-06
ENSG00000253304	35.9176712001349	5.12552957361044	1.4274796219147	3.59061488158794	0.000329898783015237	0.00397365002158033
ENSG00000253457	23.3653065451502	20.5056733281162	2.48739223432737	8.24384391216101	1.66764673444307e-16	2.24712007940321e-14
ENSG00000256029	66.3395801387336	3.3769752593678	0.946938381787223	3.56620380408934	0.000362189743235262	0.0042878091459866
ENSG00000256061	90.1284299825706	6.40620646330495	1.28903328269969	4.96977583843924	6.70303497708176e-07	1.96282865212284e-05
ENSG00000256797	5.02815940557547	17.1261111723727	2.70227095339076	6.33767355967142	2.33260383996821e-10	1.3660980934146e-08
ENSG00000257950	18264.6326529727	2.21645939436915	0.401499792862211	5.52044965843809	3.3813325836743e-08	1.36024772431597e-06
ENSG00000258130	125.319386280602	3.08649745309797	0.581598459849246	5.3069216412609	1.11492077222936e-07	3.94002065648816e-06
ENSG00000258150	110.304792608723	2.91714855881652	0.722180915202212	4.03935980224527	5.35972931316547e-05	0.000862448093557325
ENSG00000259305	1445.69419580245	1.20058254186793	0.362049165800488	3.31607597883411	0.000912910055873694	0.00908743018982018
ENSG00000261115	17.3636468519759	3.98849491680727	1.15831580381887	3.44335707382869	0.000574540188200057	0.00623603737997888
ENSG00000261740	3231.19632587396	1.02611426409518	0.303789176081643	3.3777183154788	0.000730899092772879	0.00759493514960358
ENSG00000262246	15682.4957768319	1.88965419174554	0.517774512511322	3.64956973756837	0.000262679921736071	0.00327342633297266
ENSG00000266733	56.084598695288	2.06116094960979	0.583490376867038	3.53246776866634	0.000411700409365917	0.00473198514898107
ENSG00000268223	33.0402708551766	6.65867437509468	1.529216926376	4.35430334326385	1.33490754121191e-05	0.00026152195730551
ENSG00000268714	9.99310687954127	6.57279620464946	1.6429049999228	4.00071592998883	6.3151131658577e-05	0.000991161795558007
ENSG00000269190	8.66537551033523	21.0410938389687	2.07577528328634	10.1364988823148	3.80492809002217e-24	1.10636628357943e-21
ENSG00000269858	8878.72256171775	1.33937321110032	0.378150453017688	3.54190561035153	0.000397247595444372	0.0045977525467144
ENSG00000271605	1626.07309249166	4.54180179094869	0.712892770771055	6.37094662362242	1.87865020835825e-10	1.1405402400487e-08
ENSG00000273983	1712.79435564289	4.72326153987195	1.19204637993543	3.9623135637791	7.42269651928653e-05	0.00113465196358076
ENSG00000274286	77.7799365862554	3.22289166496828	0.95136319859662	3.38765643838488	0.000704925038815809	0.00736659999579648
ENSG00000275183	279.135452941405	1.69770119670549	0.457993870828734	3.70682077826395	0.000209877355348116	0.00271122937454378
ENSG00000275895	6547.15183821545	1.63562631064439	0.425490996075745	3.84409147485982	0.000120999868921244	0.00170676751276655
ENSG00000275993	8629.12664529426	2.37072935215458	0.698572215122678	3.39367827811223	0.00068960655741597	0.00723388549532423
ENSG00000276180	1051.64406582774	4.50674319982159	0.958495695236786	4.70189195654994	2.57761890394173e-06	6.31040704784789e-05
ENSG00000276231	177.842092671989	5.01034912601908	0.9589528861324	5.22481260390859	1.74331574287944e-07	5.90873519887195e-06
ENSG00000277443	7414.49460255198	2.90205715341596	0.780875743571972	3.71641349767254	0.000202070779485369	0.00262882346875236
ENSG00000278311	18887.8380709073	1.33314925749109	0.383320091173987	3.47790081497706	0.000505356882423776	0.00563267314680005
ENSG00000278899	37.5944042000811	2.61526465723556	0.681349763681447	3.83835850049298	0.000123859556964009	0.00173822887139838
ENSG00000278919	32.0013412836167	4.0731508732599	1.12384917802678	3.62428602778481	0.00028976079444441	0.00356797578538013
ENSG00000279018	726.532043214047	6.26634497580554	1.70256648429872	3.68052879790278	0.000232750769708795	0.00295602395184182
ENSG00000279073	95.4245288027217	5.13103521161393	1.125513888036	4.55883775949444	5.14374874896911e-06	0.000116944433148716
ENSG00000279119	69.968873152104	6.3593469201872	1.68029775482713	3.78465477438042	0.000153922092614675	0.00208935689025031
ENSG00000279380	16.5180555821618	19.5760297050072	3.49248057683651	5.60519357926943	2.08022337313852e-08	8.86314195023082e-07
ENSG00000279473	728.793227993504	5.26939508307454	1.17922041524186	4.46854126248636	7.8754822269154e-06	0.000169297331295585
ENSG00000279576	3091.92302079881	6.74695307988681	1.50640033878399	4.47885791457877	7.5043461354404e-06	0.000162797163414645
ENSG00000279644	1170.34554430406	6.76300616215018	1.02245861686401	6.61445465919493	3.72923933834485e-11	2.53313167187408e-09
ENSG00000279765	19588.4065982317	1.56685531162246	0.457812890153794	3.42247967525795	0.000620527368231277	0.00662668853161417
ENSG00000281137	59.6163113283564	7.08512823340427	1.5269383395299	4.64008797865773	3.48260879994207e-06	8.29321239227584e-05
ENSG00000281325	379.962728757016	5.83786243536088	1.40188631227376	4.16429091592477	3.12321683871087e-05	0.000541466484150564
ENSG00000281817	3065.62483126411	3.53950372753661	0.780327893290291	4.53591850037825	5.73533264242514e-06	0.000128629774310628
