baseMean	log2FoldChange	lfcSE	stat	pvalue	padj
ENSG00000001617	34.7956881674997	-4.8678486575448	0.873313085977371	-5.57400173626957	2.48953250732196e-08	9.67768627189978e-07
ENSG00000003400	3287.19091240044	-3.76766455852226	0.530516166543295	-7.10188453458709	1.23067034937997e-12	1.038609256513e-10
ENSG00000005379	4595.49383094514	-4.49167347138158	0.722665484783926	-6.21542548517392	5.1185759544804e-10	2.78833997145742e-08
ENSG00000005421	9.9956347306642	-21.794914192507	3.07299839135902	-7.09239362239571	1.31811956479484e-12	1.10100161391684e-10
ENSG00000006118	84.8031014196652	-4.07333640929606	0.845288451529088	-4.81887147745551	1.44372513732486e-06	3.5629386419314e-05
ENSG00000006283	14.691386788806	-4.4095444818689	1.27326703880336	-3.46317335443874	0.000533844334860378	0.00540749783968025
ENSG00000006451	2199.84917152932	-1.37400754905985	0.410937049749674	-3.34359617828773	0.000827000219056184	0.00773259447071592
ENSG00000006453	684.346680152738	-5.92705420555248	1.11434103411055	-5.31888714865766	1.04403864709322e-07	3.40106029677088e-06
ENSG00000007372	44.4747635261121	-4.23438411117944	1.23687734547718	-3.42344705937341	0.000618322945667711	0.00610378432668829
ENSG00000008256	612.85464576988	-2.97835498514302	0.583465379877873	-5.10459589867428	3.31502132973039e-07	9.5905981205415e-06
ENSG00000008283	616.514715729756	-3.45683067548831	0.965430315350947	-3.58061127822748	0.00034279131397761	0.00379048535103008
ENSG00000008311	688.90139973318	-3.70750248165001	0.930448047130184	-3.98464212277644	6.75818996509817e-05	0.000945682114703771
ENSG00000010704	168.946357976662	-2.11293981103749	0.584662173938367	-3.61394991026087	0.000301567346778443	0.00340869461785377
ENSG00000013619	37.1999986358287	-2.98284990997474	0.748885440699145	-3.98305234401407	6.80357630389637e-05	0.000950400092949091
ENSG00000015475	2165.09581360274	-1.7400518268314	0.440065924936703	-3.95407080673579	7.68326555207952e-05	0.00105565740086833
ENSG00000016602	17.1029022326034	-8.63086616005113	2.16330165097377	-3.98967298719812	6.61644506539933e-05	0.000929841736196931
ENSG00000020577	1242.51558158701	-4.95179385106159	0.672314642390466	-7.36529228852596	1.76759148038105e-13	1.65462816278428e-11
ENSG00000025293	12913.8475701242	-1.40295130658068	0.258177698397784	-5.4340530390007	5.50881946102862e-08	1.95060111698335e-06
ENSG00000025423	76.0427169902937	-1.75161357230875	0.507482100166368	-3.45157705411584	0.000557320596233741	0.00560348016756492
ENSG00000026103	1882.09160606635	-2.5348612308539	0.64392574506905	-3.93657382122854	8.26532025229092e-05	0.00112563157415815
ENSG00000027697	5893.1194193587	-1.22205558689655	0.345814986575793	-3.53384218248363	0.000409565551406392	0.00438213254677248
ENSG00000029153	445.876548383336	-5.22179768279109	0.705709974089551	-7.39935366441125	1.36848935396451e-13	1.31893222469668e-11
ENSG00000033867	5778.0384772902	-2.32759152065371	0.506010685839165	-4.59988610081159	4.2272200799112e-06	9.15597881138213e-05
ENSG00000039139	22.8755886290351	-4.40756411357278	1.14335800731595	-3.85492915199814	0.000115763148577639	0.00150482854272354
ENSG00000039560	21.8738622823389	-5.04207323468359	1.23520828216529	-4.08196197150246	4.46571051647721e-05	0.000678521388921463
ENSG00000041988	1156.83589118948	-1.35196167144016	0.362173288431532	-3.73291381397871	0.000189277374132759	0.00230221835677077
ENSG00000042317	339.086539368318	-1.7984672649603	0.491909701373118	-3.65609228673485	0.000256089193288978	0.00297304403441972
ENSG00000042781	21.8346416335173	-6.99721894707736	2.06664827627359	-3.38578123206053	0.000709759414126002	0.00682441637383962
ENSG00000047634	812.899184024399	-4.72022080433469	1.1599011214651	-4.0695027506935	4.71135834570983e-05	0.000709885335198165
ENSG00000049449	609.706192689731	-1.43958498659735	0.404472829053306	-3.55916364015548	0.000372037679111776	0.00404792900292092
ENSG00000050327	238.406095605219	-4.17454882591342	1.16986614813355	-3.56839868610068	0.000359169686900536	0.00392364578151303
ENSG00000051108	30917.1657740361	-1.42081656693539	0.422807560594277	-3.36043320733992	0.000778203447746533	0.00736940567261368
ENSG00000052749	8548.80496749442	-2.5677305510775	0.579185042101895	-4.43335094041632	9.27796600531392e-06	0.000176954930087299
ENSG00000053702	61.7495704140516	-4.44578084842304	1.15159073980051	-3.86055626775288	0.000113129184815601	0.00148003868455944
ENSG00000055813	91.0151154048765	-6.13194394227179	1.37909463685662	-4.44635471590867	8.73396874378399e-06	0.00016835370757249
ENSG00000057019	469.029243675202	-4.34532420322495	0.792690893187523	-5.48173851947735	4.2116640652246e-08	1.52783038517546e-06
ENSG00000057252	4276.13321708385	-1.36205660224006	0.342290282041359	-3.97924414948913	6.91347154988891e-05	0.000964883114467163
ENSG00000059804	19856.6106208442	-2.33373056379226	0.636037865503582	-3.66916922775428	0.000243339964241641	0.00284531323587068
ENSG00000064393	6552.39673596296	-1.39637566798398	0.422996895349337	-3.30114873971064	0.00096289821072967	0.00874229991993582
ENSG00000064655	173.718540324496	-9.35269038112704	1.41013027961866	-6.6325009230043	3.30046276694783e-11	2.24928608987641e-09
ENSG00000064787	145.532573500335	-4.92265278414069	0.885928840730178	-5.55648778753321	2.75256969616714e-08	1.05990201444847e-06
ENSG00000067715	196.637907600342	-6.97228956942958	0.989468710241163	-7.04649828465038	1.83476386360699e-12	1.50174039248396e-10
ENSG00000068878	15672.0202711537	-1.43301287802692	0.333839557260384	-4.29251970553392	1.766568667305e-05	0.000309396456484557
ENSG00000069667	2198.01948795576	-3.20944801786495	0.839418119674781	-3.82341998896616	0.000131613313377492	0.00168663859031675
ENSG00000070018	565.133227071456	-3.56265133598672	0.821882290293329	-4.33474644491392	1.4592822375906e-05	0.000262348665407016
ENSG00000070495	3932.24661759419	-1.66027438542088	0.36784714201065	-4.51348996853921	6.37694672161711e-06	0.000129997131666708
ENSG00000070501	3469.82498675871	-1.3160117749901	0.357022030500299	-3.68608002465831	0.000227734767170899	0.00268598398818219
ENSG00000070731	5209.9533861263	-3.56129627664773	0.947804795130211	-3.75741534010542	0.000171677420287603	0.00211519048535891
ENSG00000070808	483.134510177683	-8.16033914438558	2.09980194974411	-3.88624229317437	0.000101807895853356	0.0013525668904237
ENSG00000071073	3018.60194009729	-2.72026963571266	0.63934686301794	-4.25476340475347	2.09270176193291e-05	0.000358045444310538
ENSG00000071575	4582.7343932919	-2.85183863798907	0.814213503462705	-3.50256858411302	0.000460795136616469	0.00481603880555169
ENSG00000072041	9.65326414766329	-6.42263377333313	1.60255421379685	-4.00774820473394	6.13004243229624e-05	0.000872780866584276
ENSG00000072864	7933.70819294729	-1.49526364710346	0.337226963590027	-4.43399789620998	9.2501528868944e-06	0.000176631289826185
ENSG00000073060	5694.97364518654	-4.9590798556122	0.658459147522003	-7.53134021187926	5.02221438250991e-14	4.98791633306838e-12
ENSG00000073711	138.483212099993	-2.98974271243076	0.837218115710293	-3.5710439804498	0.000355561178520705	0.00389205677133417
ENSG00000075240	3925.9933837566	-2.22790254464284	0.475328680815812	-4.68707787802551	2.7713353033355e-06	6.3132181008012e-05
ENSG00000075340	1346.18836372825	-5.66238024950227	1.07718481818367	-5.2566469132475	1.46705588723617e-07	4.58645034382011e-06
ENSG00000076604	12408.2801159536	-2.33881367308245	0.511907526988608	-4.56882063610387	4.90476289718759e-06	0.000104293443954819
ENSG00000076641	13860.9881999408	-4.02855370297912	0.961948064600429	-4.18791185431875	2.81532812078464e-05	0.000464130206794942
ENSG00000076706	269.003379795229	-3.32600383546132	0.884078846348521	-3.76211222471683	0.000168484411738325	0.00207899552908624
ENSG00000077150	12755.7531365114	-2.03974527177843	0.444822633024489	-4.58552492688954	4.52847240620802e-06	9.78246134646104e-05
ENSG00000079156	7.95755447487343	-5.55056370172466	1.08215728624166	-5.12916539240041	2.91029568737876e-07	8.60306645299914e-06
ENSG00000079335	2279.20809954521	-1.87129216029231	0.4706536765834	-3.97594293510362	7.01009350992374e-05	0.000976735697943865
ENSG00000079819	2741.56590935626	-3.38988874412011	0.925455917229974	-3.66293918598148	0.000249337749985745	0.00290789695990053
ENSG00000079931	260.515400117496	-3.7332180543642	0.954154581852297	-3.91259249325924	9.13105472174436e-05	0.00122711732102122
ENSG00000080823	622.279124885522	-3.51982340220629	0.911873355119937	-3.85999150259559	0.000113390968065457	0.00148227294369997
ENSG00000083454	23099.2908354298	-1.88144343405775	0.420996131050895	-4.46902784916638	7.85759008769484e-06	0.000154570564430403
ENSG00000086666	8259.01704916504	-1.83967589463441	0.442870785993024	-4.15397888688777	3.26743336751282e-05	0.000523303389282683
ENSG00000086730	17905.9015694345	-1.5955353067351	0.353971413960112	-4.5075258730212	6.55879349658626e-06	0.000132872672229349
ENSG00000086967	761.786831109634	-2.80815484313142	0.681890298150285	-4.11819151958739	3.81857289913762e-05	0.000595755894455494
ENSG00000087903	812.589552062914	-1.82951081999573	0.407157760353632	-4.49337087031507	7.01045376452255e-06	0.000140623486350423
ENSG00000088280	938.912694251341	-3.3515823496222	0.581869065501221	-5.76002841246621	8.40997785061684e-09	3.60478208502229e-07
ENSG00000088325	4736.16429491598	-2.0572782981714	0.563750049284885	-3.64927382406627	0.000262982666925619	0.00303974159487296
ENSG00000088727	932.679187629774	-1.83681412964113	0.555967686123725	-3.3038145480138	0.000953789040073125	0.00867894742162629
ENSG00000088756	10.8377898276224	-17.2075335055503	2.37220739993995	-7.25380652045257	4.05218853281862e-13	3.62648608915108e-11
ENSG00000089723	29.0166784809117	-3.05158405611533	0.796903838509663	-3.82930023504753	0.000128508149981934	0.00165334972109458
ENSG00000091140	9741.38265714343	-1.49740928366819	0.314598592416881	-4.75974565608972	1.93837071131714e-06	4.62257425269891e-05
ENSG00000091181	52.8882206374717	-5.02664464544272	0.928146330617267	-5.4157889544203	6.10190410630696e-08	2.14197875180017e-06
ENSG00000091317	14177.8625147313	-2.28753056490454	0.394227178307194	-5.80256940865204	6.53063460763304e-09	2.8671422234266e-07
ENSG00000091428	65.671475906546	-2.17165146143787	0.642581753729919	-3.37957224716129	0.000725987235826257	0.00694377620452007
ENSG00000092421	1335.30292331365	-3.29458119735856	0.991078264879835	-3.32423917878778	0.00088660122056218	0.00818640330102446
ENSG00000095303	1466.85120380287	-3.39477088924974	0.718056376267626	-4.7277219469805	2.27052817954231e-06	5.31355790063005e-05
ENSG00000095380	4418.62063141961	-1.31876334285133	0.27171387492042	-4.85350018742167	1.21301227226345e-06	3.08230013894337e-05
ENSG00000095464	2.57454120851286	-21.2950041783939	4.03315223274808	-5.27999017876993	1.29190811197353e-07	4.06227786251445e-06
ENSG00000095587	68.9113587783738	-3.09260783168427	0.753667603767236	-4.10341086206407	4.07103345349477e-05	0.000628521259625809
ENSG00000095627	32.4012246422204	-6.89741108842363	1.25150655518739	-5.51128642501665	3.56220489419691e-08	1.32771609420319e-06
ENSG00000097096	55.0536486730368	-4.09662560272115	1.0711580417421	-3.82448288961966	0.000131046846178331	0.0016820260288043
ENSG00000100036	209.553285105713	-2.03966585627934	0.617864500570055	-3.3011539818156	0.000962880219455	0.00874229991993582
ENSG00000100116	298.207444125411	-2.78697023618149	0.814450122787709	-3.42190412672813	0.000621842364255941	0.00611628528321302
ENSG00000100220	8957.106668642	-1.28112483938267	0.280270538937047	-4.57102927850161	4.853344593277e-06	0.00010333500226836
ENSG00000100253	13.017193724666	-3.58258254723704	0.926138857935389	-3.86829957143098	0.000109596968264604	0.00144077112114114
ENSG00000100321	2964.13114407685	-3.53396472114964	0.654890135184462	-5.39627111676409	6.8040110820902e-08	2.35294548843068e-06
ENSG00000100399	101.519646348132	-4.52678300448602	0.695944653653206	-6.50451581274988	7.79440178585884e-11	4.97863593286544e-09
ENSG00000100592	4315.35477783053	-1.49341484880873	0.370745836688057	-4.02813653188849	5.6220693348982e-05	0.000811642471911116
ENSG00000100600	2188.53577665814	-2.90279767893842	0.684017950220357	-4.243744887109	2.19820242868673e-05	0.000372573581253376
ENSG00000100626	19.8481388219756	-2.6022973663432	0.753074689513241	-3.45556344222009	0.000549143942270589	0.0055349359725887
ENSG00000100678	97.9540766701531	-3.56901326919716	0.95369042896417	-3.7423184303879	0.000182330267502931	0.0022312512374814
ENSG00000100906	36247.2890420487	-2.60979006658115	0.487938636806811	-5.34860302037209	8.86357180135457e-08	2.96544839863566e-06
ENSG00000101115	15.1309681802434	-4.86696623418045	1.45184468013324	-3.35226371028463	0.000801536299881471	0.00754212781771774
ENSG00000101203	33.5570099301666	-4.46209969919076	0.990880978995008	-4.50316414764204	6.69491329653372e-06	0.000135126081504264
ENSG00000101222	6.32501104120062	-3.04087379655521	0.821750877251354	-3.70048135114443	0.000215190893973922	0.00256778701908223
ENSG00000101265	19738.877804653	-1.18955404680425	0.357775742163849	-3.32485942062409	0.000884631278276021	0.00817292924592163
ENSG00000101290	15817.8417336121	-1.32386908698536	0.376311353308612	-3.51801526939226	0.000434787343892735	0.00457777392199409
ENSG00000101400	977.020887682806	-2.85250142970397	0.601134976434117	-4.74519291262134	2.08307713955717e-06	4.92440645124924e-05
ENSG00000101665	1041.90665515402	-3.67175591176956	0.779645169191033	-4.70952178871243	2.48298670825357e-06	5.7529000716976e-05
ENSG00000101773	3124.08637469301	-1.32746905176026	0.371088603604255	-3.57722937020166	0.000347255443614435	0.00382685836643567
ENSG00000102158	10628.7386043183	-1.23914502743885	0.30693319930851	-4.03718147867522	5.40972205504233e-05	0.000787431213874258
ENSG00000102678	25.3443715652115	-5.47909447133823	1.23014462580409	-4.45402463775899	8.42754232934896e-06	0.000163025901972014
ENSG00000102934	339.213878349867	-4.33364022602782	0.855435900621448	-5.06600228360718	4.06257042956602e-07	1.14482953558428e-05
ENSG00000103426	11873.8193481925	-1.77766301339355	0.469744450398389	-3.78431935041685	0.00015412981201263	0.00193410352701211
ENSG00000103647	431.992966197925	-4.65694320161487	0.832128870332768	-5.59642065988235	2.18822391200663e-08	8.65092016474853e-07
ENSG00000103876	1034.18152973517	-2.20254823264068	0.464854551886106	-4.73814491802659	2.15683552876867e-06	5.07960452550937e-05
ENSG00000104321	10.239211005377	-20.7558552874329	2.71188926972529	-7.65365146694778	1.95351295393307e-14	2.02667636902304e-12
ENSG00000104549	2941.97845365697	-1.68316466168595	0.489851274898628	-3.43607284075003	0.00059021226434824	0.00587255794850588
ENSG00000104941	35.5637284013385	-3.05247900755001	0.818114045242895	-3.73111673769608	0.000190632856949651	0.00231545710215951
ENSG00000105246	429.422220787057	-5.208505627479	0.918739610344567	-5.66918588121567	1.43477639673581e-08	5.87176832915397e-07
ENSG00000105278	6.68175923226314	-4.27193941142803	1.10604494937927	-3.86235605869862	0.000112298733132323	0.00147153802514825
ENSG00000105339	14016.8153952398	-5.3462363068721	0.947941443073875	-5.63983814183284	1.7021008551193e-08	6.87935948590154e-07
ENSG00000105427	47.7074007626764	-3.88499619203489	0.923486089608676	-4.20688111683539	2.58919258621805e-05	0.000432541218916098
ENSG00000105523	61.9788602102984	-3.01711590654243	0.723776340542462	-4.16857492783079	3.06510003121786e-05	0.000497750242357692
ENSG00000105697	39.9317162655256	-1.9639609850217	0.599488814665663	-3.27605943092867	0.00105266407085589	0.00938467016206938
ENSG00000105717	288.889843985527	-3.21867383750778	0.773867264649643	-4.15920660368673	3.19354941548284e-05	0.00051348995932265
ENSG00000105851	12777.3190384798	-1.13320143238633	0.332400185391423	-3.40914801552206	0.000651661118540973	0.00635511722622426
ENSG00000105855	188.071124023951	-3.69158046381656	0.883998397484268	-4.17600357005427	2.96675164353545e-05	0.000484678543329042
ENSG00000105889	297.669795563537	-6.93737175010032	0.69399625413377	-9.9962668512662	1.58250644945632e-23	4.22555164733517e-21
ENSG00000105926	3988.29750567372	-1.74596284786882	0.356080126631649	-4.90328641585479	9.42464089212946e-07	2.45613681361607e-05
ENSG00000105976	1058.954298168	-4.73732584776547	0.953803861606056	-4.96677151190031	6.80767174284551e-07	1.82975837207042e-05
ENSG00000106034	137.480500932242	-4.55996128208919	0.84333067984065	-5.40708572697819	6.40584873312976e-08	2.23902283616347e-06
ENSG00000106462	6583.52841144443	-2.26410859112455	0.504492698777705	-4.48789169121789	7.19314798328145e-06	0.00014375704828428
ENSG00000106537	2927.40781086117	-3.08221719203001	0.898490280983478	-3.43044021428507	0.000602602749359554	0.00597758439803193
ENSG00000106546	6314.30417906523	-4.53962384174247	0.982463379476341	-4.620654506392	3.8253134014704e-06	8.38582835574023e-05
ENSG00000106665	3504.71088539418	-4.46692848021677	0.650205975121288	-6.87002065673654	6.4192608282683e-12	4.90877560426451e-10
ENSG00000106688	493.073578380092	-5.06053788315907	1.10698900167004	-4.57144368690618	4.84375465406332e-06	0.00010333500226836
ENSG00000107159	5.17989127621031	-3.99324644494968	1.00356765801814	-3.97905055333846	6.91910288370362e-05	0.000964883114467163
ENSG00000107518	119.30087186319	-4.19841167430785	1.02091790462356	-4.11238911110675	3.91585571502468e-05	0.000608601697388568
ENSG00000107719	2585.65294336769	-4.22106151120254	1.03300300547131	-4.08620448231578	4.38487364139987e-05	0.000668108717222836
ENSG00000107968	8741.27703858044	-1.53200096506842	0.459456838993122	-3.33437405878151	0.000854916050729048	0.00796161957362764
ENSG00000108061	14704.7739071471	-1.28341645569351	0.316950560294705	-4.0492638804619	5.13789864092875e-05	0.000757340208718981
ENSG00000108179	3495.58587245411	-1.78914427736227	0.52108254596031	-3.43351411639595	0.000595811177992388	0.00591381625054236
ENSG00000108219	4625.61121317575	-1.61561945898361	0.378714350574259	-4.26606347642698	1.98952196286277e-05	0.000342551096523349
ENSG00000108679	1380.52554599583	-2.44594170423444	0.605365982536722	-4.04043467058553	5.33522257297925e-05	0.000780072758246733
ENSG00000108821	113.784155962912	-3.54048580248509	1.0536791704585	-3.36011748333649	0.000779093346054868	0.00737354585737461
ENSG00000109103	4885.12651902743	-2.3961174755894	0.380360152730761	-6.2996017284847	2.98411400096884e-10	1.71749995928553e-08
ENSG00000109320	15054.9001029857	-1.9622609465203	0.341783629103172	-5.74123737777964	9.39872317714e-09	3.94552585333135e-07
ENSG00000109790	6507.24193743549	-1.36080523618996	0.336494452005508	-4.04406440605353	5.25324779289867e-05	0.000770161116568259
ENSG00000109794	36.1391625473338	-6.52845323154463	1.42974719275732	-4.56615915360133	4.96741682644735e-06	0.000105487986009354
ENSG00000110375	13.7072552310154	-4.28943273543359	0.883413483923424	-4.85552101421785	1.20070619543985e-06	3.05579726739441e-05
ENSG00000110841	895.318195246466	-2.50325964082898	0.540748752719066	-4.62924718409751	3.66997481185987e-06	8.09980348720508e-05
ENSG00000111291	21.3310064870973	-7.90079708458935	1.27955931534459	-6.17462355190752	6.6321300864504e-10	3.48464951122916e-08
ENSG00000111641	6355.95893255114	-1.3702593114845	0.349671275959583	-3.91870709918674	8.9025218406058e-05	0.0012023571786052
ENSG00000111642	41898.2142835039	-1.29649201417356	0.346863381383448	-3.73775983213496	0.000185667173388304	0.00226527859187168
ENSG00000111817	2392.27844638807	-3.09782244007556	0.532450570229034	-5.81804699494082	5.95391645270583e-09	2.64965549676701e-07
ENSG00000111837	533.603901482814	-5.1390429854813	0.915756332549363	-5.61180174553069	2.00230763319581e-08	8.01316627260278e-07
ENSG00000112137	11125.9523837674	-1.6074728290156	0.391882340409888	-4.10192719410186	4.09723206365366e-05	0.000631967006181731
ENSG00000112200	23494.9415431134	-1.53285642270058	0.460190760007604	-3.33091525495916	0.000865609502529583	0.00802907037426073
ENSG00000112312	980.272129689077	-1.39948109026046	0.412079274085705	-3.39614530084178	0.000683420700044865	0.00662746481027009
ENSG00000112378	32.3151101569908	-4.08129801357919	0.922271494702817	-4.42526743699729	9.63228772817775e-06	0.000182007775541252
ENSG00000112394	158.869053123082	-3.73753894991834	1.12929055730068	-3.30963446542234	0.000934178826408734	0.00854346138379868
ENSG00000113073	10.6641641849866	-5.9577434430053	1.14825723840207	-5.18850937207778	2.11984094860755e-07	6.45382605063922e-06
ENSG00000113302	6.46000417484824	-4.18894792358772	0.894556181077635	-4.68271083716784	2.83105750932261e-06	6.43127820248908e-05
ENSG00000113387	22362.1935874086	-1.22508824997608	0.35129552857352	-3.48734370446078	0.000487843971196708	0.00504909087819918
ENSG00000113407	5932.68075490476	-1.17422512100442	0.294178193572035	-3.99154371962953	6.56445831936065e-05	0.00092492990575905
ENSG00000113448	3978.29703878815	-4.60687885653583	1.05310622840722	-4.37456234923571	1.21676343338358e-05	0.000223182914447655
ENSG00000113532	5361.56152912524	-1.88005644945766	0.306298201412962	-6.13799376158564	8.35701435401581e-10	4.3488514312527e-08
ENSG00000113712	29734.5567988649	-1.08596924044741	0.27787485323796	-3.9081234872212	9.30157636350765e-05	0.00124706141715954
ENSG00000113810	12691.6778454944	-1.14234193104395	0.288143845893585	-3.96448491725145	7.35545970527763e-05	0.00101575934403252
ENSG00000114315	334.859919844494	-5.51085279752676	0.982460848663273	-5.60923400156329	2.03224088728299e-08	8.11302440491796e-07
ENSG00000114450	5773.3657477385	-3.96324270078438	0.746814510929175	-5.30686354213093	1.11527605020082e-07	3.58296179599033e-06
ENSG00000114529	286.933579784698	-3.73832387266194	0.906695610116804	-4.1230197113013	3.73937685693427e-05	0.000585081366433674
ENSG00000114742	13177.2299662381	-1.31512741610306	0.380272173275736	-3.4583845690688	0.000543425083231733	0.00548379280375472
ENSG00000115008	43.950637246672	-5.47835948601781	1.02929679295177	-5.32242937462888	1.02390541591824e-07	3.38283395831161e-06
ENSG00000115020	23666.1198613094	-2.01211386750173	0.300683875043831	-6.69179172713676	2.20454484220714e-11	1.54109984505879e-09
ENSG00000115091	38291.8054374322	-1.06307189184351	0.194518283417144	-5.46515151773037	4.62511568779638e-08	1.65933665909311e-06
ENSG00000115183	159.301164248787	-3.82423267138886	0.768410616815143	-4.97680873702564	6.46411371307371e-07	1.74896153087283e-05
ENSG00000115232	14743.4975116265	-3.96960358854783	0.6727019148736	-5.90098452342552	3.61338805004587e-09	1.69123174020538e-07
ENSG00000115317	3722.83950867883	-1.07882797732552	0.250468760279566	-4.30723566532353	1.65307461149868e-05	0.00029203122854762
ENSG00000115762	7214.7167154893	-1.18305543278761	0.336913567298938	-3.51145085154111	0.000445667862397577	0.00467721529815189
ENSG00000115884	1504.57332429545	-3.84396189068755	0.949089906425207	-4.05015569617216	5.11835667665625e-05	0.000756384533272562
ENSG00000115956	14369.6233106846	-2.01688555768964	0.463335056971239	-4.35297421885959	1.34302949304376e-05	0.00024387139780041
ENSG00000116147	158.442930224172	-5.14973894689773	0.974923672038815	-5.2821970525429	1.27643797067763e-07	4.02919024542584e-06
ENSG00000116337	4411.92652080791	-1.13000009822738	0.32517821828226	-3.47501780468741	0.000510819445387295	0.00522955821902468
ENSG00000116675	137.281069492217	-3.82748101836284	0.827893941172197	-4.62315379786884	3.77949284637676e-06	8.31897020024117e-05
ENSG00000116679	9670.95745724556	-1.18749746198038	0.310527316937445	-3.82413203995062	0.000131233575117478	0.00168309643426258
ENSG00000116774	21.1678404430453	-3.25212364052937	0.865296565096241	-3.75839194527215	0.000171008859719074	0.00210854830212285
ENSG00000117791	168.639313046124	-8.97332089341736	1.13022413313002	-7.93941717433237	2.03133480316625e-15	2.34655186340226e-13
ENSG00000118193	1076.68410658851	-2.40318903622396	0.726766376103662	-3.30668714905047	0.000944062641836241	0.00861450549592644
ENSG00000118242	774.701524584873	-3.58970314333203	0.457089199807591	-7.85339742186666	4.04915998510706e-15	4.42635690184053e-13
ENSG00000118257	140.160221460314	-3.53914812415319	0.785662471286735	-4.50466740298398	6.64769764914431e-06	0.000134339577306777
ENSG00000118298	15.9129664638867	-4.63250341379233	1.39917913396429	-3.31087228314153	0.00093005646652635	0.00851532306170949
ENSG00000118985	7248.50194992694	-2.164788179961	0.555138450383232	-3.89954646172783	9.63730432065539e-05	0.0012877146248961
ENSG00000119231	12261.9327838871	-1.24103143419694	0.375181323020935	-3.30781773518	0.000940259827928911	0.00859424920163081
ENSG00000119698	20.4908355716676	-4.6370835792714	1.2975195188763	-3.57380641432452	0.000351829086646666	0.00385768669141592
ENSG00000120049	532.973780880863	-2.63961268395192	0.715544435483891	-3.68895704173406	0.000225175231599539	0.0026635106552602
ENSG00000120160	16.6806673433252	-5.48468835867914	1.13788123599358	-4.82008858674078	1.43494488367931e-06	3.54664374284803e-05
ENSG00000120162	1206.86465944971	-4.37535106668934	0.678800178094569	-6.44571290327472	1.15058283709332e-10	7.0987474434e-09
ENSG00000121594	2254.01909014175	-4.98946999925089	0.982324937317948	-5.07924599051073	3.78935797811954e-07	1.08092929505449e-05
ENSG00000121743	18.7219332867262	-8.31229842196202	1.19489388351198	-6.95651600251802	3.48790655053998e-12	2.74449381136208e-10
ENSG00000121753	72.4774624826745	-3.0744037949184	0.892699066996748	-3.44394198289176	0.000573298708279303	0.00573886211033928
ENSG00000121895	4622.64407955385	-1.4411897469269	0.332870019895837	-4.32958710843915	1.49389170638485e-05	0.000267390199050511
ENSG00000121964	2566.08909989555	-1.62672805999997	0.463014257767074	-3.51334334248151	0.000442505267521912	0.00465001664348187
ENSG00000122585	41.1370939541001	-19.4097987603772	1.5856109003568	-12.2412117348648	1.87216505674821e-34	1.05151118773499e-31
ENSG00000123095	1012.09694933728	-4.08738148801178	0.816733409150601	-5.004547924962	5.59932806882345e-07	1.52766927278051e-05
ENSG00000123096	968.438329016276	-7.53398654999098	0.828644921712533	-9.09193594576159	9.72910090185076e-20	1.65070411968068e-17
ENSG00000124225	1014.57089756195	-7.29387232818082	0.779962946118205	-9.35156261522637	8.63622365557865e-21	1.69478085424175e-18
ENSG00000124493	19.2907805743999	-2.38454433040273	0.644542479728887	-3.69959219973483	0.00021594617946382	0.00257302953263109
ENSG00000124557	334.517549085953	-4.19809264839544	0.706435317421732	-5.94264265229146	2.80463397711671e-09	1.33572743331219e-07
ENSG00000124721	528.402030850665	-7.62354688357286	1.04144839653547	-7.3201388651936	2.47714482250222e-13	2.27953304344159e-11
ENSG00000124766	57510.947130403	-4.31792135572321	0.815318575135349	-5.29599286390158	1.18371460638139e-07	3.78045951151765e-06
ENSG00000124784	3848.18731208574	-1.77392999957138	0.353971735655221	-5.01150182595155	5.40068709666577e-07	1.4834130089459e-05
ENSG00000124785	8.00593892326239	-4.837542363341	1.15190286853159	-4.19960961596332	2.67375566449242e-05	0.000444389104727067
ENSG00000124789	17717.5911870059	-1.25419939833989	0.312443478737558	-4.01416410868149	5.96568307326342e-05	0.000853858048306807
ENSG00000124813	2113.22965606556	-4.13002856630269	0.905142439048511	-4.56284932418393	5.04640320688552e-06	0.000106886626051692
ENSG00000124831	23591.5556749686	-1.80458719356925	0.35410476732445	-5.09619570277004	3.46546883289629e-07	9.93759794898146e-06
ENSG00000125170	142.341955398307	-2.45907429110879	0.716905556162707	-3.4301230754455	0.000603307530663559	0.00598093308548268
ENSG00000125347	36179.9781498231	-2.2510910431868	0.45265377461212	-4.97309681138915	6.58917340539341e-07	1.77984173179184e-05
ENSG00000125775	111.593268651646	-2.76871413016019	0.555319841266329	-4.98580083838986	6.1705682879641e-07	1.67510360457265e-05
ENSG00000125869	46.9549892139941	-5.66783024694526	1.38490348111341	-4.09258141396869	4.2659739199995e-05	0.000653428621023937
ENSG00000125895	10.3678123667431	-7.765111604206	1.67024281126003	-4.64909146853206	3.33400345431951e-06	7.43893811835015e-05
ENSG00000126266	1128.18572083398	-2.39546965661047	0.724817810557329	-3.30492659219913	0.000950012788254992	0.00865909809462636
ENSG00000126561	7575.84151540852	-1.12026390300851	0.343268809949013	-3.26351789192531	0.00110038236029915	0.00971437825721003
ENSG00000126583	73.707381092678	-6.56579398081916	1.47267597517479	-4.45841046604965	8.25696727790261e-06	0.000160680385928886
ENSG00000126803	405.656707010802	-2.40829194759911	0.664419073672215	-3.62465805547782	0.000289344024865239	0.00329338607757164
ENSG00000127423	238.965374323064	-3.36189554219018	0.775096992832253	-4.3373868990326	1.44186686830255e-05	0.000259791233970264
ENSG00000127481	46865.3283977099	-1.09927059519103	0.335638867327531	-3.2751588156157	0.00105602588120329	0.00940434639313245
ENSG00000128203	1441.34945450329	-1.52495285162011	0.44832304487305	-3.40145988268778	0.000670269656008167	0.0065217157449588
ENSG00000128268	2591.27485912616	-5.2190130427069	0.769607692863418	-6.7813940675267	1.19021734179099e-11	8.81193639231439e-10
ENSG00000128274	1531.08915917129	-4.13083938390171	0.892623767764704	-4.62774971166867	3.69660381091174e-06	8.14753489474025e-05
ENSG00000128567	393.986891399336	-1.86121357480813	0.525021235597488	-3.54502532205201	0.000392575370221017	0.00423742056339292
ENSG00000128578	165.000669786394	-3.87340871266514	0.773350650903205	-5.00860600316472	5.48256768008944e-07	1.49832319418283e-05
ENSG00000128602	292.1024572144	-2.44877681322651	0.684354258103558	-3.57822981917642	0.000345929215689474	0.00381740858072504
ENSG00000128641	668.260686589322	-6.48110999370977	1.04660745167563	-6.19249364538102	5.92197379804025e-10	3.17293122442367e-08
ENSG00000128965	339.887253170116	-2.86359249084743	0.758353278954444	-3.77606660420262	0.000159324404544402	0.0019824873194952
ENSG00000129422	179.122613890604	-4.98590082320469	1.26540826837246	-3.94015192394582	8.14300234076024e-05	0.00110990144038747
ENSG00000129910	12.5513506768762	-4.42278221554195	1.34983930993249	-3.276524978194	0.00105093016417672	0.00937434310739892
ENSG00000130035	160.519957176678	-2.22594932297809	0.676772041495713	-3.28906808570074	0.00100519704277824	0.00903684175517742
ENSG00000130413	620.835447998768	-4.81546850907929	0.878189524549798	-5.48340463472043	4.17217231013529e-08	1.52027612052536e-06
ENSG00000130561	62.4204946308822	-3.51544759980673	0.867861203864247	-4.05070255952658	5.10640836567902e-05	0.000755600386843846
ENSG00000130707	18.897942087306	-4.50041246939721	1.31236637512794	-3.42923481939904	0.000605285597855044	0.00598960620769317
ENSG00000130787	18420.9756184275	-2.42113856444967	0.675019352449775	-3.58676911360081	0.000334800519070351	0.00371711010760495
ENSG00000131037	59.1214947537926	-3.43381784199885	0.864203442335139	-3.97339060895248	7.08567076008605e-05	0.000984738953415372
ENSG00000131142	68.4299980927405	-22.7645834333157	1.57334396531884	-14.4689171186432	1.90446868789978e-47	2.58499883237597e-44
ENSG00000131471	174.147595997173	-1.94282464644643	0.594567386769233	-3.26762733658059	0.00108453066623116	0.00960045407150712
ENSG00000131480	346.744059092485	-2.09627957660176	0.499114054610409	-4.20000109641882	2.66913687795322e-05	0.000444074580879489
ENSG00000131584	3054.31074871029	-2.21160719895785	0.6270959645484	-3.52674442826391	0.000420702641677479	0.00446410724927868
ENSG00000131773	174.766476013627	-4.27323712745587	1.05387530994395	-4.05478436313604	5.01805723551824e-05	0.000746430285407498
ENSG00000132122	440.86359567088	-4.0762629058142	0.919097010719228	-4.4350736192955	9.20408300178917e-06	0.000176164634469027
ENSG00000132205	1054.44270612102	-1.98568661911655	0.571677310660669	-3.4734396172235	0.000513832967467357	0.00525380500571771
ENSG00000132321	92.8303824287698	-5.07327874405276	1.02082778187345	-4.96976946957903	6.70325514812296e-07	1.80467140252276e-05
ENSG00000132464	970.603479033995	-5.0703087033555	1.11691227043189	-4.53957650710999	5.63673253860394e-06	0.000117405498195372
ENSG00000132465	122660.06883454	-4.40765953174003	0.920311359388284	-4.78931340657332	1.67352931325633e-06	4.06842469467449e-05
ENSG00000132535	223.288222727103	-1.62067944410056	0.478738458137057	-3.38531282906999	0.000710971779627646	0.00682801199680136
ENSG00000132821	2.9391946404907	-4.04886485678208	1.16559950422303	-3.47363296064629	0.000513462892807506	0.00525331884299539
ENSG00000132881	284.719580016302	-1.74995077609898	0.507706945518938	-3.44677336314617	0.000567324287663503	0.00568848756930744
ENSG00000132938	39.971942309601	-3.94352073323258	1.07730994687757	-3.66052568683906	0.000251698318157434	0.00293042330675359
ENSG00000133026	1221.34055754438	-2.69091151326926	0.805227357602288	-3.34180338989219	0.000832359964789734	0.00777824389357154
ENSG00000133056	11467.7451652386	-2.38467717045753	0.435718178208892	-5.47298067815354	4.42528378755196e-08	1.59466863565589e-06
ENSG00000133104	2177.70090293145	-5.10960311129425	0.87249986092626	-5.85627957105897	4.73351132943213e-09	2.15361543390477e-07
ENSG00000133138	197.522344011765	-6.79238888100188	0.8412376498301	-8.07428065347967	6.78755960233217e-16	8.06976429217418e-14
ENSG00000133316	147915.645326872	-4.900897913294	0.831688726733722	-5.89270691757627	3.79919903626849e-09	1.76803868293546e-07
ENSG00000133392	813.890978324908	-4.42154484352486	0.671476091547382	-6.58481351634671	4.55456685401329e-11	3.0279504048232e-09
ENSG00000133424	2261.95436437483	-6.82069238572294	1.1765089193606	-5.79739964014024	6.73510608738803e-09	2.92788878060323e-07
ENSG00000133794	2010.076530165	-1.80898450001495	0.373208695794006	-4.8471124076204	1.25271455441387e-06	3.16344413368885e-05
ENSG00000134253	259.930108313668	-3.12912995086464	0.693123499161543	-4.51453450164347	6.34559914847657e-06	0.000129520199160885
ENSG00000134317	91.6622322892138	-3.72730592626364	0.792853720568587	-4.70112686560977	2.58729698624644e-06	5.96066383479237e-05
ENSG00000134321	462.404792909617	-3.25488845661017	0.943442446825694	-3.45001273534126	0.000560560108480064	0.00563257436577624
ENSG00000134324	11222.5413456207	-2.40047498271312	0.496168197302749	-4.8380266928886	1.31134533766791e-06	3.27594982514338e-05
ENSG00000134326	538.76108614689	-3.04445591739064	0.894029752407687	-3.40531834560505	0.000660869646918173	0.00643409731560264
ENSG00000134532	988.692399072365	-6.46719148665133	1.11569747021849	-5.79654580142128	6.76947031592703e-09	2.93247692834626e-07
ENSG00000134594	719.301651174312	-4.40282012985162	0.607588273993485	-7.24638759223131	4.28034098294745e-13	3.8097373732376e-11
ENSG00000134909	1462.60313540023	-3.03671291531858	0.842124259455283	-3.60601524207703	0.00031093488119383	0.00349276368612766
ENSG00000134910	8776.1326339845	-1.07518847299731	0.29300117662023	-3.66957049592638	0.000242958332399214	0.00284289175152184
ENSG00000135245	400.116420007147	-2.17762421746254	0.547885836016083	-3.97459484132132	7.0499165423047e-05	0.000980606666447985
ENSG00000135269	8043.96565516523	-2.58060247264636	0.437905012857759	-5.89306447031835	3.79098412158828e-09	1.76803868293546e-07
ENSG00000135476	3565.04660484613	-2.10256312596834	0.592500377728489	-3.54862748616143	0.000387244490779628	0.00418843418316932
ENSG00000135736	865.597727946497	-3.42701406408049	0.888232827293371	-3.85823846943747	0.000114207188343754	0.00148935683246042
ENSG00000135740	303.551058858758	-2.00703563859879	0.56558375536521	-3.5486090602139	0.000387271586558777	0.00418843418316932
ENSG00000135898	354.803032242303	-2.51857262829898	0.688818286000921	-3.65636725894878	0.00025581478257459	0.00297197658956842
ENSG00000135916	7792.23329276687	-4.38080909928555	0.698039089750578	-6.27587933628601	3.47663736152201e-10	1.96623157446078e-08
ENSG00000136010	1082.63664250065	-5.40772564734679	0.918624911665726	-5.8867613741729	3.93836704241401e-09	1.82758183438289e-07
ENSG00000136040	4259.83354726529	-3.4480564393922	0.724486344549815	-4.7593118425645	1.94254115285538e-06	4.62574711954802e-05
ENSG00000136068	9150.29214320934	-2.18693169945522	0.512567225267483	-4.26662414537716	1.98453081993613e-05	0.000342053312117668
ENSG00000136141	7076.46450542883	-1.54759256138462	0.313102583714212	-4.9427652209897	7.70222178199224e-07	2.04322130920341e-05
ENSG00000136244	487.917212809806	-8.80570249768709	0.887501875015774	-9.92189734532176	3.34339245460622e-23	8.64399623819462e-21
ENSG00000136636	853.494616022897	-2.8861774504223	0.801610285095115	-3.60047457484885	0.000317636889650453	0.00354847027340644
ENSG00000136918	65.7624143666871	-4.5564948186925	1.00194551896543	-4.54764728465213	5.42489538887307e-06	0.000113866876409748
ENSG00000136950	6236.15912214521	-1.66724217311058	0.425355384166908	-3.9196451606602	8.86794361816211e-05	0.0011996766250218
ENSG00000136997	4868.34182476826	-2.44248802789358	0.613037780816468	-3.98423735750931	6.76971828058365e-05	0.000946482157546322
ENSG00000137261	187.557476865192	-2.80356914204993	0.600294796410794	-4.67032058050924	3.00730047316183e-06	6.79374620067406e-05
ENSG00000137571	773.583681472673	-5.31105030149698	1.13052821302911	-4.69784852804927	2.62916293400195e-06	6.03152195338362e-05
ENSG00000137831	258.277351487169	-4.00680975523699	0.923315221502128	-4.33959027418433	1.42748617658171e-05	0.000258056546550088
ENSG00000137942	762.922507099361	-4.50406447172282	0.685464726655575	-6.57081874029963	5.00393441891908e-11	3.29345138572265e-09
ENSG00000138031	5058.91910553468	-2.03775570640087	0.502611475930247	-4.05433581202924	5.02769484247104e-05	0.000747181510895697
ENSG00000138587	154.037142749786	-2.88111721328466	0.820342293026441	-3.51209152298551	0.000444594863792533	0.00466896269597214
ENSG00000138623	6179.85417685144	-2.93644527678111	0.660552824943606	-4.44543595288054	8.77138106726127e-06	0.000168875005701598
ENSG00000138759	13.9050709924631	-3.90647129114182	1.20000427246122	-3.25538115221008	0.00113240280049171	0.00995390006174257
ENSG00000138792	15.3105103177229	-22.4669652991913	1.57256858846055	-14.286795160512	2.6450463720106e-46	3.07732252195062e-43
ENSG00000138867	15428.7153826103	-1.64596589722707	0.395386313186609	-4.1629308914652	3.14188482655995e-05	0.000506683366881272
ENSG00000138892	40.8200384945808	-44.7828840175751	1.3037174243759	-34.3501461131525	1.40135783980554e-258	2.28253164947526e-254
ENSG00000139155	5.70030534349274	-21.0716539192237	5.7223711506654	-3.68232911924518	0.000231112777538153	0.00271991685010219
ENSG00000139219	11.6904366489068	-4.3147007478455	1.02454550181435	-4.21133150280263	2.53869877540908e-05	0.000425709862707917
ENSG00000139370	7339.75915070592	-1.63803283864962	0.389471518163278	-4.20578338147672	2.60179349262112e-05	0.000434200946801361
ENSG00000139438	141.047301076007	-1.7819127739276	0.505020077926463	-3.52839986331606	0.000418080093434666	0.00444206690271613
ENSG00000139496	8788.16178552648	-1.80394531719841	0.372760865515435	-4.8394171279327	1.30220476693262e-06	3.25811232623632e-05
ENSG00000139668	7979.21741760407	-2.01129885575236	0.365781191376548	-5.49863935918416	3.82732997021463e-08	1.41039707137683e-06
ENSG00000139722	5301.66207836873	-2.51765409124818	0.591201491524566	-4.25853812505743	2.05768129371467e-05	0.000352794872758152
ENSG00000139725	6210.72177608557	-1.48431067766451	0.290738711421222	-5.10530802867197	3.30256109005284e-07	9.57155071793251e-06
ENSG00000139973	50.5150016031514	-3.25402082564003	0.667753873164554	-4.87308416530614	1.09869387234699e-06	2.80934470844393e-05
ENSG00000140009	1100.73682505281	-2.54413880515415	0.734407239471004	-3.4642071434191	0.000531796833870625	0.00539346627028937
ENSG00000140030	1664.2473939599	-2.21200424386521	0.618994855104785	-3.57354221222204	0.000352184437017158	0.00385768669141592
ENSG00000140391	11650.9986567314	-1.21605398400611	0.258390341172746	-4.70626718664041	2.52293809203795e-06	5.82888165150555e-05
ENSG00000140398	16310.0823900857	-2.9270275889855	0.565428300310521	-5.17665562084182	2.25898634448767e-07	6.82641365102323e-06
ENSG00000141068	2210.75485628806	-1.78262838492241	0.436114837575813	-4.0875206054243	4.36007961147318e-05	0.000664952965465123
ENSG00000141384	3424.21367554237	-2.17785121256297	0.359270810214507	-6.06186517424741	1.34551985745986e-09	6.72264645346816e-08
ENSG00000141519	53.5788908474698	-3.91845109046375	1.0251993214966	-3.82213586012087	0.000132300760667502	0.00169411540074864
ENSG00000141570	337.097904505014	-2.12861603871104	0.638796142183331	-3.33223057896949	0.000861528434872639	0.00800489169834886
ENSG00000142875	10535.2480476652	-2.53193623299742	0.49906963406692	-5.07331254030557	3.909495957094e-07	1.11130663436557e-05
ENSG00000143079	201.677413113308	-2.88784685080841	0.837688136099044	-3.44740091969855	0.000566007970596954	0.00568380877008828
ENSG00000143333	1497.33447156482	-4.73027471905161	0.711498361778164	-6.64832833519082	2.96440448472139e-11	2.04594153589585e-09
ENSG00000143341	18.368604551277	-4.51371714450902	1.36342509294378	-3.31057215234568	0.000931054454801586	0.00851967132573496
ENSG00000143815	22147.7108373487	-1.77664579178254	0.260544663849386	-6.81896825493835	9.16966587611706e-12	6.91460730510161e-10
ENSG00000143850	47.8635291387695	-3.02386038357066	0.614597948040515	-4.92006260875333	8.6516533062527e-07	2.26921302821649e-05
ENSG00000143870	18005.5819927983	-1.0878199034265	0.225633743728735	-4.8211756160653	1.42714645737919e-06	3.53272971091066e-05
ENSG00000143924	18135.9792645695	-1.65496123546258	0.276363104825772	-5.98835809326256	2.11969965835961e-09	1.02146946850181e-07
ENSG00000144354	9825.87800067609	-4.19187645774228	0.708646928144874	-5.9153243897013	3.31222134713502e-09	1.55923298561084e-07
ENSG00000144711	11524.9347614921	-2.23179160601764	0.505488988699117	-4.41511418826588	1.00956685139491e-05	0.000189444987045164
ENSG00000144824	541.488692820731	-3.01427013560555	0.852185100195414	-3.53710729618993	0.000404535285704157	0.0043377687515137
ENSG00000144867	4049.59972912692	-1.42150329694203	0.26843256524764	-5.29556946874399	1.18646077321934e-07	3.78181469162359e-06
ENSG00000145526	4.23175748376739	-24.5349397987286	4.57180048078825	-5.36658148181006	8.02429585273098e-08	2.71161267322162e-06
ENSG00000145692	6.80717105421999	-23.8896873447136	4.84219702202922	-4.93364628412046	8.07085439615674e-07	2.13405968189287e-05
ENSG00000145708	2809.4091455368	-4.45823873178722	0.961969227148329	-4.63449204607435	3.57814991115578e-06	7.94017789549119e-05
ENSG00000145730	873.84121274828	-2.96695174734966	0.799501456954222	-3.71100230217535	0.000206440226226435	0.00247837135354251
ENSG00000145757	41.3423385865987	-5.00455861054128	1.38410176650951	-3.61574468845741	0.000299485435211926	0.00339827267634646
ENSG00000145911	3658.91661002288	-1.94451853977264	0.556926453341056	-3.49151764673286	0.000480284737686892	0.00498272471811725
ENSG00000145945	355.059384708931	-4.34999348407926	1.0719099277297	-4.05817072082961	4.94586074841369e-05	0.000738388449772338
ENSG00000146112	10810.6822228852	-1.78800344403098	0.360249224753161	-4.96324022697371	6.93267461969969e-07	1.86028672496983e-05
ENSG00000146232	6119.04952067269	-2.08291254530363	0.55143060602684	-3.77728860628792	0.000158544973883845	0.00197429704481656
ENSG00000146426	4089.93048405203	-1.74541713395343	0.467443021844482	-3.73396767603074	0.000188486695609557	0.00229623881682009
ENSG00000146938	17.7892214773208	-6.6864910818125	1.39327658688145	-4.79911249838681	1.59370261971806e-06	3.88596231586344e-05
ENSG00000147231	630.025262645166	-5.80475758093124	1.19852368880893	-4.84325644551916	1.27728262396e-06	3.2047067001291e-05
ENSG00000147408	1835.0563903249	-6.3570624485461	0.896436313096738	-7.09148252438105	1.32682836343524e-12	1.10262144814455e-10
ENSG00000147570	119.78503986475	-5.8762612842411	0.528450184212895	-11.1198017519732	1.00495049919923e-28	3.99234969047735e-26
ENSG00000147573	61.7799654468785	-4.53864091349654	1.09432483764383	-4.14743479940435	3.36221175360666e-05	0.000535848385936843
ENSG00000148180	3059.40080813225	-2.1515750121324	0.431282805790822	-4.9887799449532	6.07618124135573e-07	1.65223439163944e-05
ENSG00000148481	2759.09923505231	-1.11731206239246	0.306820498543218	-3.64158218794851	0.000270967589346272	0.00311909547369052
ENSG00000148832	930.876698056396	-1.2395094047985	0.307416200769102	-4.03202369197677	5.52986107710972e-05	0.000800971017350258
ENSG00000148948	2.80230828889795	-6.45635240914795	1.6466688998809	-3.92085646945475	8.82348080468109e-05	0.00119564771503033
ENSG00000149115	915.788836848957	-1.23572936096273	0.315732780715193	-3.91384562022219	9.08377245316312e-05	0.00122177114547581
ENSG00000149256	118.752334047805	-6.90273770686999	1.33453971951992	-5.17237337031313	2.3113913732756e-07	6.93332277862118e-06
ENSG00000149480	12655.8770887259	-1.02651083652814	0.261837199060077	-3.92041635112591	8.83961155871636e-05	0.00119683784761739
ENSG00000149554	1645.4532473159	-1.67940110177696	0.498298602188512	-3.37027054541411	0.000750944165705974	0.00714449682886618
ENSG00000150556	68.6694499983937	-4.02237731558973	0.93895908936854	-4.2838685530962	1.83671450239474e-05	0.000319278610619055
ENSG00000150967	501.576145591488	-1.57852986983713	0.46705393066639	-3.3797593087053	0.000725493336733157	0.00694377620452007
ENSG00000151012	161.830039986337	-5.0957676591521	1.00573613242513	-5.0667043719158	4.04762148504125e-07	1.14457740882555e-05
ENSG00000151014	496.041829728089	-1.79508181545243	0.534925571219129	-3.35575996369239	0.000791472313110257	0.00747327104727979
ENSG00000151079	68.6510120765097	-3.62556056575537	0.86415316779852	-4.19550688565048	2.72262014760888e-05	0.00045168235984022
ENSG00000151150	1287.52524800551	-5.41961613461854	1.01888322381924	-5.31917300032024	1.04239981858959e-07	3.40106029677088e-06
ENSG00000151491	133.76137578222	-3.92848619239612	0.94266661636342	-4.16741838970735	3.08068751261688e-05	0.000498789644189898
ENSG00000151575	1358.50496210747	-5.90941485973477	0.566941960278462	-10.4233153898721	1.94067814001233e-25	6.1979932440237e-23
ENSG00000152128	919.202277609236	-6.94005675582141	0.684589384639505	-10.1375465520488	3.76435077587462e-24	1.09488831138296e-21
ENSG00000152192	333.446085323154	-3.44898987004658	0.79977459487753	-4.31245239863455	1.61453650024828e-05	0.000285843157783087
ENSG00000152492	24452.361008508	-1.69890252188397	0.350795023037547	-4.84300634362801	1.27889204020378e-06	3.2047067001291e-05
ENSG00000152527	111.475205159493	-4.91689854915713	1.18933423251481	-4.13416045274379	3.56254526088669e-05	0.000561730273081534
ENSG00000152763	201.254240933581	-2.56335561132991	0.632070844158616	-4.05548782232178	5.00297790983876e-05	0.000744867497216213
ENSG00000152778	3926.85909436531	-1.71638536678227	0.519005060358294	-3.30706865477837	0.000942777827987219	0.00860760384655596
ENSG00000152894	2289.44287030856	-4.95826593265461	1.22483604543381	-4.04810582701175	5.1633800972706e-05	0.000759721183598406
ENSG00000152910	30.0562476147043	-23.6694621836108	1.67510146088735	-14.1301662832247	2.47559064706539e-45	2.68816136396007e-42
ENSG00000153064	30473.6533157599	-1.34125650929944	0.372043102558367	-3.60511053712928	0.00031202009393993	0.00350063660495677
ENSG00000153201	30353.3455206952	-1.41502576663494	0.401452052648998	-3.52476904102951	0.000423852161349464	0.00448292467796109
ENSG00000153253	2699.59696950277	-8.48460630755708	0.831740767897464	-10.2010225241274	1.9619590756769e-24	5.91784989344915e-22
ENSG00000153551	2136.82077781857	-4.49326296012503	0.62086760569963	-7.2370710258941	4.58478077648061e-13	4.05852767865849e-11
ENSG00000153922	29787.2898984355	-1.606301675774	0.416391035734923	-3.85767592940349	0.000114470281857928	0.00149159356072155
ENSG00000153993	78.9229563626371	-4.43507237478422	1.14227763388895	-3.882657108224	0.000103321217189982	0.00136932138778717
ENSG00000154025	79.1684924932663	-5.69774161064812	1.32096677348969	-4.31331182963521	1.60827027679612e-05	0.000285043593780797
ENSG00000154124	10406.7140653423	-1.27292227685462	0.371906436184091	-3.42269493885427	0.000620036205590755	0.00610425068818028
ENSG00000154153	473.337708876407	-4.47078224073638	0.949658331950037	-4.70777972489962	2.50429500290832e-06	5.79402798400152e-05
ENSG00000154165	193.273833098165	-7.66133060878706	1.26095473373447	-6.07581731827683	1.23357781715249e-09	6.22059302965316e-08
ENSG00000154240	219.905308469877	-4.86036743901415	0.975761916713573	-4.98109974960303	6.32239380823808e-07	1.71346340014279e-05
ENSG00000154447	1992.60801366837	-4.87512277874393	1.00576270043502	-4.84718987553952	1.25222566025588e-06	3.16344413368885e-05
ENSG00000154537	13.6970469975034	-4.41597880330213	0.938965161352584	-4.70302731673334	2.56332108555904e-06	5.91379232883649e-05
ENSG00000155380	3225.08934801154	-2.2215686130059	0.439422332267955	-5.05565705215732	4.28911490124746e-07	1.20242863186779e-05
ENSG00000156113	381.05031677886	-4.54476275392062	1.11721438120512	-4.06794150735715	4.74302829707124e-05	0.000712022533665405
ENSG00000156966	1464.85614111884	-3.16615705028675	0.567087970008307	-5.58318500433076	2.36153300549736e-08	9.24630999844736e-07
ENSG00000156968	66.4714449044435	-4.57071076694395	0.860067184001787	-5.31436479843004	1.07030013381415e-07	3.46482573452954e-06
ENSG00000156976	134009.094162102	-2.1095130444794	0.38732655914815	-5.44634235545031	5.14161304109563e-08	1.82454451445241e-06
ENSG00000157110	389.718744258758	-2.99043134874598	0.612151178857227	-4.88511899026081	1.03366409663128e-06	2.65976632005217e-05
ENSG00000157191	6984.80356677084	-1.18655521706985	0.276730259076337	-4.28776824417503	1.80477246962741e-05	0.000314397154922902
ENSG00000157657	429.37006390432	-4.21583226959426	0.888696015201376	-4.74384063558445	2.09703846446101e-06	4.95022645060013e-05
ENSG00000157734	14384.3302212122	-7.7454287304856	0.625185271289302	-12.3890134431869	2.99707694926286e-35	1.80801442035531e-32
ENSG00000157927	5.45381213682987	-5.29983893258214	1.56600706689024	-3.38430077656451	0.000713597843973137	0.00684516000155151
ENSG00000158473	1168.44713373312	-2.07550027811993	0.478340077311586	-4.33896379702254	1.43156100585253e-05	0.000258506271212039
ENSG00000158481	2174.29608973908	-4.19395556682195	1.01048959053697	-4.1504193671043	3.31866665846014e-05	0.000530465579322854
ENSG00000158715	653.020087919439	-4.81414440229511	0.784937260455229	-6.13315820872501	8.61513946989375e-10	4.4688978243831e-08
ENSG00000158747	65.6192747655895	-2.68709883556509	0.755965019717941	-3.55452800788015	0.000378658178831917	0.00411172294454285
ENSG00000159231	48.0663142137167	-5.2651682502207	0.942468882922292	-5.58656985458779	2.31598414891066e-08	9.08981923312215e-07
ENSG00000159496	1640.16130918424	-2.29055364590825	0.658955120887245	-3.47603891874176	0.000508878432482774	0.00521296346432668
ENSG00000159556	89.9665787483364	-5.29114253103126	0.933039176117409	-5.67086856207788	1.4207537030905e-08	5.84374654442881e-07
ENSG00000159618	4242.90578034276	-4.26144893186626	0.95348203792768	-4.46935418010411	7.84561244431187e-06	0.000154521566496919
ENSG00000159640	232.880867498666	-3.78467398206001	1.04786718696523	-3.61178785741059	0.000304093287741576	0.00342773112161577
ENSG00000159720	10114.8526617612	-1.49038620115186	0.382113319071964	-3.90037752353555	9.60428041741452e-05	0.00128435566041747
ENSG00000160188	85.0774449533724	-3.34727227860376	0.761148202596481	-4.397661673752	1.09423371127972e-05	0.000203690042163703
ENSG00000160190	4184.21741260466	-2.14963387732835	0.3453139693204	-6.22515759081213	4.81072209406933e-10	2.63828422451856e-08
ENSG00000160207	20.614237383232	-1.91509928322784	0.447896918746068	-4.27575900407923	1.90487197706687e-05	0.000329718966657441
ENSG00000160209	5334.52688627116	-1.87974083543967	0.449028459827155	-4.18623985696418	2.83613643981197e-05	0.000466616063956135
ENSG00000160613	16521.0642547636	-1.24086202432471	0.269593435868246	-4.6027160132012	4.17016677634143e-06	9.0564901937399e-05
ENSG00000160789	3685.37280540644	-3.73263821579761	1.00102174567659	-3.7288283016017	0.000192372165938213	0.00233136743958454
ENSG00000160888	9458.62829678701	-1.94592559901641	0.533584709961945	-3.64689160443745	0.000265431828525777	0.00306186517211605
ENSG00000161270	117.99093305548	-5.97347085690529	0.944606418431756	-6.32376695769493	2.55262608180381e-10	1.4911113623866e-08
ENSG00000161544	112.340674812269	-3.25824378834027	0.726150812024451	-4.48700701615487	7.22306968767807e-06	0.000144101757736338
ENSG00000161835	6945.97479836336	-3.81740918272902	0.844276304151843	-4.52151643242431	6.13981926538416e-06	0.000126110184356339
ENSG00000161960	66827.6764184531	-3.11337374052931	0.406038482556833	-7.6676814496112	1.75133174149557e-14	1.82856996188974e-12
ENSG00000162188	57.7514861868038	-5.04885198275623	0.892549408716831	-5.65666385910746	1.54343622769207e-08	6.28487231916211e-07
ENSG00000162341	2982.57511710222	-2.73377153197512	0.703539428207891	-3.88574033290329	0.000102018508533427	0.00135426036429703
ENSG00000162426	11.121863087822	-5.22809287109871	1.02117203918458	-5.11969841562978	3.06024646157865e-07	8.96498100111386e-06
ENSG00000162438	54.5179386774758	-3.44245301815455	0.858885286465814	-4.0080474917899	6.12228105756418e-05	0.000872438441518857
ENSG00000162520	966.216497661347	-3.59527816909505	0.881419000474625	-4.07896603903373	4.5236443895692e-05	0.000686043946157385
ENSG00000162551	169.482730094862	-4.57697226943691	1.1045522649746	-4.14373535284196	3.41694048148401e-05	0.000542976844511332
ENSG00000162571	21.9032792446565	-6.68837457753473	1.63081033477595	-4.10125839584749	4.10909394311981e-05	0.000633196992862209
ENSG00000162702	8022.31239383616	-1.47875107602639	0.36193511003308	-4.08568009854374	4.39478955219868e-05	0.000668993759123477
ENSG00000162771	37.2966804008783	-5.73202897567761	1.67475678076258	-3.42260383210248	0.000620244037876865	0.00610425068818028
ENSG00000162783	12139.8467854098	-2.57884814955723	0.541544695222636	-4.76202273294734	1.91662085242608e-06	4.59087065357588e-05
ENSG00000162814	28.1275973450542	-3.66023319257389	0.963569110534309	-3.79862030917974	0.000145503796067685	0.00183860809181572
ENSG00000162817	415.509488780201	-8.24728049536385	0.843522938915616	-9.77718579410072	1.41078660489147e-22	3.28269888863888e-20
ENSG00000162989	28.7079901789735	-7.16941781944139	1.41644982238693	-5.06154027211486	4.15882867482373e-07	1.16993094051e-05
ENSG00000162998	631.551545083484	-5.62280577820936	1.19307586312358	-4.71286525191142	2.44257724322186e-06	5.6754205617115e-05
ENSG00000163449	39.860742584432	-2.11756141232612	0.645981773977345	-3.27805132842709	0.00104526386915382	0.00934963392007345
ENSG00000163462	117.45224394623	-3.31809437507926	0.725883368624639	-4.57111227298979	4.85142253984218e-06	0.00010333500226836
ENSG00000163491	146.637985289761	-2.9816235548434	0.847226200802002	-3.51927684958389	0.000432724893698583	0.00455900586582311
ENSG00000163520	573.428475125502	-6.81234441998105	1.31481400511699	-5.18122289043833	2.20435890024233e-07	6.67371705709052e-06
ENSG00000163531	49.7366627342684	-4.07599312900018	1.21849952423555	-3.3450920972311	0.000822552520802855	0.0077007846023348
ENSG00000163590	554.368897052032	-3.43950904104806	0.924510885891124	-3.720355372271	0.000198942643723158	0.00239997884601857
ENSG00000163606	275.718137419775	-2.49529491859248	0.528142331191261	-4.72466373404338	2.30496439808798e-06	5.3709957247578e-05
ENSG00000163618	769.36009360166	-8.37085255552337	1.33177225729458	-6.28549852249383	3.26803272836562e-10	1.86770937121471e-08
ENSG00000163746	18.8604231533793	-3.27256436922463	0.85267138590709	-3.83801359270806	0.00012403361782632	0.00160465414388809
ENSG00000163806	3396.97680098233	-1.16128553125348	0.311373536926328	-3.72955756843345	0.000191816279553992	0.00232809505318586
ENSG00000163864	218.684296616844	-4.100408450749	0.919059526742002	-4.46152651861914	8.13778734758575e-06	0.000158930791747574
ENSG00000163931	25685.608310419	-1.44214805310306	0.352392695478943	-4.09244593206737	4.26846790747464e-05	0.000653428621023937
ENSG00000163995	82.380740239271	-2.28979752943951	0.530279380645808	-4.31809648463202	1.57380633335392e-05	0.000279239189081357
ENSG00000164045	664.702782831852	-2.76980891289555	0.806149369870084	-3.43585074480914	0.000590696299088975	0.00587378590937804
ENSG00000164099	3.7234276505301	-5.05410062998392	1.49199239006083	-3.38748418802448	0.00070536782926348	0.00679020756681062
ENSG00000164142	15.2926698819917	-5.1791927665628	1.41951353433366	-3.64856878169464	0.000263705305172394	0.00304410489769522
ENSG00000164197	28.7921822507548	-6.42797516397142	1.93295673606539	-3.3254625124491	0.000882719697486037	0.00816453062615137
ENSG00000164236	3989.69782522893	-7.67961633186158	0.915332269532684	-8.38997661011378	4.86238901989784e-17	6.23610963433827e-15
ENSG00000164292	729.19039804586	-5.41329033086912	0.932146920775926	-5.80733595768686	6.34746909567069e-09	2.79425882784552e-07
ENSG00000164304	104.01338244882	-3.80966190030371	1.01790554709667	-3.74264774484218	0.000182091405202535	0.0022312512374814
ENSG00000164330	8900.94345280606	-8.04270858281641	1.02193939195691	-7.8700445898415	3.54514873357815e-15	3.90157990354871e-13
ENSG00000164430	1544.2928558547	-2.39022006803839	0.468175187706548	-5.10539672071767	3.30101240254744e-07	9.57155071793251e-06
ENSG00000164591	64.8231916044828	-5.74260959487595	1.37329703766709	-4.18162235653789	2.89436421907282e-05	0.0004742797223366
ENSG00000164742	64.8499315586737	-9.01826199555991	1.33747570416417	-6.74274827384299	1.55418347570599e-11	1.11028686194294e-09
ENSG00000164764	16.4920298374384	-4.28368949506222	1.18730075776929	-3.60792281739166	0.000308658274770421	0.00346958314662568
ENSG00000164776	1216.30482699869	-2.29579182767968	0.431796977949584	-5.31683162439302	1.05589692054398e-07	3.42859242391145e-06
ENSG00000164850	569.034887006441	-3.30278206219469	0.895812260390067	-3.6869132163435	0.000226990723780173	0.00267914848473294
ENSG00000165124	38.9682379862116	-20.142888191879	5.7223711506647	-3.52002476972142	0.000431506498957789	0.00455205819625937
ENSG00000165186	8.65844239369298	-7.5459170357446	2.16467118724398	-3.48594145855099	0.000490408312816706	0.00506195855459982
ENSG00000165695	115.378620205972	-9.16259744618599	0.837379422561459	-10.9419902129414	7.2588682748346e-28	2.62738769912235e-25
ENSG00000165714	2073.87793942712	-2.27827758526884	0.486395610158171	-4.68400112519101	2.81328461507713e-06	6.3998295824548e-05
ENSG00000165731	23.9202529158792	-4.15175943465412	1.23063575790904	-3.37367040407498	0.000741731213522133	0.00706923230301258
ENSG00000165732	31205.3988539143	-1.50734719013299	0.441976556138439	-3.41046865314017	0.000648513384241143	0.00633272542117491
ENSG00000165917	123.578627782712	-2.25188626024429	0.50572365410287	-4.45279994711544	8.47577169759795e-06	0.000163764376524882
ENSG00000166012	33466.886745433	-2.34768519266279	0.469847157303594	-4.99669979091908	5.83197505509206e-07	1.58848176751404e-05
ENSG00000166016	236.480421945522	-4.09374273916662	0.769979120500403	-5.31669318059706	1.05670026817506e-07	3.42859242391145e-06
ENSG00000166226	18306.2143475383	-1.28567613445744	0.221773247218603	-5.79725530731009	6.74090307420316e-09	2.92788878060323e-07
ENSG00000166387	5645.20635389397	-1.80073195282791	0.467098218754829	-3.85514626373063	0.000115660458221807	0.00150469452357571
ENSG00000166402	23.8935108390135	-3.63226595017308	1.10329019054346	-3.2922126756007	0.000994024107033845	0.00895996937209035
ENSG00000166428	2939.91278385414	-4.55493338858504	0.836233938541134	-5.44696068725867	5.12377820923001e-08	1.82218557798992e-06
ENSG00000166558	4.39572798910401	-3.5489562342596	1.07664268907983	-3.29631759009368	0.000979612061195041	0.00885993557990575
ENSG00000166562	5772.81987158681	-1.79672283728759	0.343416206198252	-5.23191044819344	1.67767027442096e-07	5.21486515835278e-06
ENSG00000166582	402.470324100157	-1.73361879946288	0.477613825934132	-3.62975003094229	0.00028369581681117	0.00324041897911665
ENSG00000166592	23.948274219789	-1.7289743966113	0.496642408223911	-3.48132653994339	0.000498936826657878	0.00513372269905466
ENSG00000166736	1496.59299214943	-6.98595304330652	0.843968942949668	-8.27750013986373	1.25787986075441e-16	1.57602670553599e-14
ENSG00000166822	4752.1196684025	-1.16810752959021	0.315687962367349	-3.70019661450044	0.000215432491776855	0.00256878801322212
ENSG00000166833	247.731771720369	-6.66037398753089	1.12289470828728	-5.93143234033917	3.00303309723498e-09	1.42190125255126e-07
ENSG00000166949	6696.45461120547	-3.18843945804654	0.548860456032781	-5.80919871891101	6.27725462696982e-09	2.770838031547e-07
ENSG00000166961	19.4918900002746	-34.3161132054448	1.59455268524948	-21.5208399966262	9.93463132323429e-103	5.39384249976134e-99
ENSG00000167291	331.289554325372	-5.09907213507755	0.669046133110822	-7.62140588328149	2.50927564969188e-14	2.5705082881875e-12
ENSG00000167378	5770.76537429339	-1.88375819970206	0.539182116714055	-3.4937327135074	0.000476317645257305	0.00494471753088017
ENSG00000167476	680.260850155366	-2.75163513207598	0.767086577949527	-3.58712459737111	0.00033434458431823	0.00371473710052887
ENSG00000167641	71.8110682853456	-7.1805772196799	1.35932891519449	-5.28244278438858	1.27472652556334e-07	4.02919024542584e-06
ENSG00000167992	216.64832251369	-3.27427993965801	0.738764967747524	-4.43209962925179	9.33198769516277e-06	0.000177362211877259
ENSG00000168140	37.4730920462313	-3.24305078391588	0.694782964106322	-4.66771776433424	3.04563876039287e-06	6.87082605668685e-05
ENSG00000168209	4181.22977899288	-2.22967350339665	0.635527125129045	-3.50838448153399	0.000450836978989809	0.00472537497669627
ENSG00000168260	121.078461633682	-2.0289525842687	0.562804905449046	-3.60507267194101	0.000312065591257197	0.00350063660495677
ENSG00000168453	7.74233838719894	-4.88922323547049	1.08190938260521	-4.51906907739111	6.21121289349239e-06	0.000127095773378397
ENSG00000168658	20.12112352582	-3.5167303879268	0.881123756187479	-3.99118780220305	6.57431921844335e-05	0.000925045762204932
ENSG00000168672	595.771830802613	-3.47423438910445	0.868453291678786	-4.00048502595747	6.32127872574797e-05	0.000897654645902205
ENSG00000168952	317.911555080013	-3.58903140515602	1.015710208599	-3.53351908326932	0.000410066485233037	0.00438213254677248
ENSG00000168994	368.608417202732	-9.26707733451535	1.03550781592193	-8.94930698931006	3.57721029678959e-19	5.60246166481816e-17
ENSG00000169071	9.53183504634556	-5.07648588954043	1.20600388661574	-4.20934455177085	2.56112576286569e-05	0.000428291749749038
ENSG00000169116	2346.99716730741	-8.65965088196666	1.09145347009775	-7.93405410236235	2.12105626273483e-15	2.43294115545246e-13
ENSG00000169193	1169.75497857595	-2.19513274416045	0.507618447179977	-4.32437543662033	1.52964603686141e-05	0.00027289019330119
ENSG00000169507	511.870719038901	-9.65062454298539	1.54145298141437	-6.26073234756105	3.83173695132524e-10	2.14471929426754e-08
ENSG00000169855	1412.35577865534	-6.33278230144107	0.938420250813333	-6.74834360826338	1.49542468256549e-11	1.07301661804523e-09
ENSG00000169902	769.285479531481	-2.529926255492	0.750723629337128	-3.36998351540615	0.000751726805556355	0.00714776778102856
ENSG00000169991	3331.37342494156	-2.59697688182292	0.656960019704818	-3.95302119448575	7.71705986747363e-05	0.00105804268620716
ENSG00000170011	412.911006438094	-4.35656827290944	1.27619805842362	-3.41370858868941	0.00064085081268261	0.00626541298737956
ENSG00000170340	3485.35983289187	-1.60154647530048	0.372108317356772	-4.30397924635729	1.67757385389788e-05	0.000295398085754472
ENSG00000170412	119.762734318362	-5.16399447919478	0.943285752871209	-5.47447521970561	4.38810037498963e-08	1.58477558553949e-06
ENSG00000170545	796.90312094171	-5.26860031166092	0.547922904641346	-9.61558691383707	6.87163326682487e-22	1.53322140616498e-19
ENSG00000170579	61.3277647348155	-6.08903365584683	1.10003437539114	-5.53531216120562	3.10674529840053e-08	1.17135804213768e-06
ENSG00000170779	1737.5699972447	-1.97149964477018	0.5109030318354	-3.85885289755991	0.000113920479074858	0.00148680830382315
ENSG00000170786	94.5155876427234	-9.70147106356024	1.46125885402127	-6.63911875494375	3.1556408391761e-11	2.16873746786921e-09
ENSG00000170921	1081.02872464765	-3.27732782506772	0.900583815179314	-3.63911472738956	0.000273576905288372	0.00314242846847868
ENSG00000171056	68.2151036811456	-3.51857567608375	0.486606570954008	-7.230842915223	4.80005315722731e-13	4.22612247702261e-11
ENSG00000171060	4.77657845508158	-22.2610554367819	3.41520923587837	-6.51821130105854	7.11507182919681e-11	4.58064387169793e-09
ENSG00000171241	2470.39574295602	-2.00664434217312	0.557183489909337	-3.60140667933221	0.000316500032811471	0.00354062674068217
ENSG00000171368	231.027764129727	-4.09873219382947	0.995043535212896	-4.11914860886214	3.80274847517634e-05	0.000594425788518927
ENSG00000171476	5103.68071346213	-4.31190370300765	0.837839079323276	-5.14645808415906	2.65450743577798e-07	7.88989363393279e-06
ENSG00000171621	596.431227310828	-3.72890964697572	0.701047350118225	-5.31905533391841	1.04307411518734e-07	3.40106029677088e-06
ENSG00000171643	2299.01620938865	-4.91534788093843	1.06814179721646	-4.60177468361193	4.18906233457787e-06	9.08541242418166e-05
ENSG00000171772	17.0581507140833	-4.52239235363722	1.14556014135766	-3.94775637731033	7.88870198914809e-05	0.00107975779831298
ENSG00000171793	2908.80315643085	-2.46567807063216	0.411259979299729	-5.99542429299973	2.02954831257701e-09	9.8384770581114e-08
ENSG00000171813	1542.77962731251	-2.24772496126152	0.396468280510854	-5.66936895522967	1.4332442475404e-08	5.87176832915397e-07
ENSG00000171819	2.02161794914168	-27.7629525539197	5.16640889210272	-5.37374279383068	7.71188430199089e-08	2.65395902725425e-06
ENSG00000171867	6647.63689027637	-1.44337687973949	0.421172589638614	-3.42704372328214	0.000610190811133553	0.00602716066206386
ENSG00000171992	1310.01084859344	-5.13178596459003	0.908702334559261	-5.64737843122088	1.6291295859861e-08	6.60081161605511e-07
ENSG00000172058	1345.19449662008	-1.25010944313496	0.337426794132243	-3.70483158087623	0.000211531234324554	0.00252782152947787
ENSG00000172071	19626.9984528188	-2.15528493410544	0.648152403039551	-3.32527492607926	0.000883313867061999	0.00816538948167188
ENSG00000172425	39.3085319340487	-2.4546211819527	0.559304943829298	-4.38869924007297	1.14030637987136e-05	0.000210820775429565
ENSG00000172426	587.72261645644	-3.88532164084985	0.88462518223899	-4.39205407991674	1.12284759231017e-05	0.000208302295940183
ENSG00000172538	8.11439366174409	-5.65216672231253	1.01400831882934	-5.57408318783607	2.48836815148578e-08	9.67768627189978e-07
ENSG00000172803	420.866543605849	-2.26570662264799	0.609222641703904	-3.71901250470789	0.000200003151565168	0.00240950542358984
ENSG00000172828	119.746360168238	-2.7827100484785	0.727136494062284	-3.82694318219729	0.000129744447728795	0.00166662268502099
ENSG00000172927	46.2120268652636	-3.46436237300997	0.841936778451689	-4.11475357969383	3.87593255879829e-05	0.000603548656957042
ENSG00000173124	5.81596182720231	-20.4726572869119	3.94699682550718	-5.18689479419107	2.1382944515391e-07	6.49786194527404e-06
ENSG00000173193	39419.9337954471	-1.87105420738316	0.308716432829562	-6.06075352139142	1.35485315873591e-09	6.74857744632736e-08
ENSG00000173221	8162.05959415835	-3.47342860223684	0.667215278777394	-5.20585890749018	1.93101329110356e-07	5.94562277608597e-06
ENSG00000173262	1592.44679829458	-2.34995876370344	0.667736473017865	-3.5192907062313	0.000432702291439824	0.00455900586582311
ENSG00000173540	7744.05071529289	-1.86217698730434	0.566177851170568	-3.28903185360273	0.00100532645262656	0.00903684175517742
ENSG00000173585	112.779257764453	-8.28552964664467	1.11346009709211	-7.44124523930673	9.97405847464485e-14	9.67008716875091e-12
ENSG00000173638	444.551008272361	-2.39117801663866	0.652848317725016	-3.66268542281186	0.000249584967457082	0.00290789695990053
ENSG00000173801	6278.70670170202	-5.0260099141595	0.863538299159361	-5.82025130680623	5.87592118935901e-09	2.62210970773369e-07
ENSG00000173805	10.8396553382456	-4.93454903832048	1.16269924396183	-4.24404596798938	2.19525352452182e-05	0.000372461347993869
ENSG00000173848	2752.55464297267	-3.04195421718087	0.637398366155788	-4.7724537411779	1.81994917888458e-06	4.3721728946419e-05
ENSG00000174276	436.641202268369	-1.24628791645431	0.381249606890637	-3.26895528265242	0.00107945359768529	0.00956590870462348
ENSG00000174326	152.301554397948	-2.04807710655851	0.488823898931367	-4.18980559468529	2.79193547287281e-05	0.000460740070741159
ENSG00000174429	37.0284028581149	-23.2929528729768	4.62197028769819	-5.03961545035744	4.66468169836763e-07	1.30323045459712e-05
ENSG00000174473	87.1543225513113	-8.88577921165549	1.55793889086649	-5.70354797851759	1.17338990117617e-08	4.88802422259781e-07
ENSG00000174500	5199.91490754141	-5.59285193763809	0.933442015746217	-5.9916436621583	2.07730701963163e-09	1.00401117910267e-07
ENSG00000174945	273.021514536626	-2.49066745530341	0.676799235138739	-3.68006836590594	0.000233171432012785	0.00274216338240018
ENSG00000175048	996.692839129528	-5.67873006243581	0.752938804548161	-7.54208712332686	4.62508567676138e-14	4.62168070571101e-12
ENSG00000175161	104.420447437867	-5.80401123297338	1.62292075494488	-3.57627519106471	0.000348524764579908	0.00383565632802537
ENSG00000175505	526.248964313404	-5.41790104474127	0.952026265781441	-5.69091551302333	1.26360022690405e-08	5.22373616645006e-07
ENSG00000175906	216.09288549849	-3.25058058187928	0.62806733093647	-5.17552883547144	2.27266325516716e-07	6.84235473200789e-06
ENSG00000175920	344.608066459734	-5.61878120869245	1.01375481672466	-5.54254452456875	2.98107568492269e-08	1.13183591505876e-06
ENSG00000176383	453.155966923035	-3.21204127822614	0.928059223682821	-3.46103049919571	0.000538111844002293	0.00544395386031636
ENSG00000176490	348.86737005825	-2.8368646666984	0.821276449969759	-3.45421406738603	0.000551899109114886	0.00555926573238297
ENSG00000176563	443.371493446581	-4.38078542641975	1.03690487242402	-4.224867239922	2.39081679450446e-05	0.00040302022102513
ENSG00000176853	11560.0560944704	-1.55272232539984	0.460070878985842	-3.3749632857063	0.000738255391115939	0.00704434903954096
ENSG00000177151	10.1027394776772	-5.87323205656643	1.31070489822146	-4.4809720819202	7.43038316237363e-06	0.000147592781644807
ENSG00000177283	52.4941304952933	-6.15853612383219	1.09224267746568	-5.63843205442384	1.71605505543845e-08	6.91859028291622e-07
ENSG00000177363	15.5353790358807	-3.62757900040847	0.748855389757187	-4.84416490824043	1.27145300294766e-06	3.1958991530882e-05
ENSG00000177494	233.701060847782	-7.81509313483438	1.08653610209097	-7.19266770776848	6.35374481697904e-13	5.53421366732378e-11
ENSG00000178015	12.8968195211921	-5.23027364690318	0.992192114895102	-5.27143238530588	1.35363155410734e-07	4.23999052948084e-06
ENSG00000178053	342.735979128257	-4.66767332291601	1.13945340305771	-4.09641439517434	4.19598547893933e-05	0.000645365547506741
ENSG00000178217	32.1651994552242	-3.20734805386613	0.718018288312479	-4.46694479245674	7.93445950777454e-06	0.000155706598147749
ENSG00000178234	1305.51818087351	-1.47312412744603	0.351489528082652	-4.19108966199308	2.77617914252493e-05	0.000458604522043064
ENSG00000178295	10118.7759143414	-1.82322930339427	0.509979521181024	-3.57510297506062	0.000350090075334864	0.00384768363498938
ENSG00000178297	45.6481480995748	-3.44022097959348	1.01759287023036	-3.38074398930751	0.000722898624052483	0.00693029593205818
ENSG00000178445	159.562411965475	-6.70089352670449	1.06884232898161	-6.26930029342034	3.62674108015262e-10	2.04402625306318e-08
ENSG00000178860	68.5112849683597	-5.44002693705135	1.16462128391386	-4.67106948171979	2.99635555279031e-06	6.77842211720119e-05
ENSG00000178965	19.7554123565684	-4.51622084597727	0.728653190638944	-6.19803893539129	5.71709999631902e-10	3.08344783907431e-08
ENSG00000179029	10279.1087944948	-3.72665286357455	0.838601002781956	-4.44389268700113	8.8345682502547e-06	0.000169663372609971
ENSG00000179674	29.955616438536	-5.44035872478322	1.62062026131542	-3.35696082212832	0.000788042781606925	0.00744526730093596
ENSG00000180210	3.32492080480875	-4.13466470720563	0.963828335083262	-4.28983518818052	1.78805760670692e-05	0.000311818868287391
ENSG00000180263	6749.25957768364	-3.88382610507371	0.675246960703979	-5.75171208623378	8.83441609092797e-09	3.75704880650221e-07
ENSG00000180336	146.745172367586	-2.90321405745859	0.731463008599393	-3.96905109804209	7.21594083783802e-05	0.00100198844302392
ENSG00000180535	573.824834628901	-5.04607374207936	1.08466749975169	-4.6521848799144	3.28436408746058e-06	7.33823350570067e-05
ENSG00000180543	1883.98632811888	-3.57285601131778	0.826671572512407	-4.321977590761	1.54636897873742e-05	0.000275270578422679
ENSG00000180549	228.983250005427	-6.42592947701126	0.962927918411249	-6.67332346912686	2.50074352597063e-11	1.74068848508588e-09
ENSG00000180611	90.2131349578147	-4.43487345845025	1.32047199359261	-3.35855169967241	0.000783520633008561	0.0074111405751704
ENSG00000180658	9.84995028499952	-5.71563406843389	1.30033540512905	-4.39550753281739	1.10514231243943e-05	0.000205251516362753
ENSG00000180817	6238.39912766328	-1.5721413665791	0.294357721094329	-5.3409211103224	9.24754955753988e-08	3.08655916379528e-06
ENSG00000181143	288.542491299427	-7.05959524173955	1.36806980035349	-5.16025954225101	2.46607719871735e-07	7.35667864701615e-06
ENSG00000181418	56.6088729833389	-2.96540724419701	0.498195241123938	-5.95229941881219	2.64401081076673e-09	1.26663670840496e-07
ENSG00000181467	7207.41242475453	-1.11932538845185	0.268442792122224	-4.16969805597243	3.0500345938373e-05	0.000496293341302916
ENSG00000181690	1052.32662385751	-3.56058697566456	0.509724719611912	-6.98531352055179	2.84220551410335e-12	2.29177442642156e-10
ENSG00000182450	21.4125444771798	-3.20519504080849	0.794056943829122	-4.03648008586426	5.42591289831953e-05	0.000789082761498469
ENSG00000182676	3.39963589512471	-6.6386363278453	2.02183042363987	-3.28347830274206	0.00102534537245644	0.00920662923184706
ENSG00000182783	4.99896339842207	-4.72015457291644	1.39247664744896	-3.38975492448209	0.000699551326743541	0.00676219110385685
ENSG00000182795	86.0488878590358	-3.598029324823	0.995455389969793	-3.61445561606953	0.000300979369477905	0.00340441109031675
ENSG00000182963	219.915143091482	-2.53971137449889	0.70283782184339	-3.61350982483808	0.000302079903354186	0.00340975569357795
ENSG00000182985	450.650978257826	-4.50376967138557	1.01322502835992	-4.44498462367801	8.78981538172563e-06	0.000169030121531933
ENSG00000183130	16.9682657740752	-6.80710019061836	1.28197856902795	-5.30983930236822	1.09721935640446e-07	3.53191875041814e-06
ENSG00000183310	4.31749818504	-4.34952151913807	1.24962592917148	-3.48065882565502	0.000500182173644308	0.00514004242543753
ENSG00000183734	38.5161295920635	-3.40612628579543	0.94229261799133	-3.61472245538357	0.000300669551898512	0.00340327009125987
ENSG00000183741	6945.76993993397	-1.47335405274939	0.338613820249742	-4.35113384227122	1.35435344041774e-05	0.000245380520995819
ENSG00000183742	1189.27101785008	-4.73049474838527	0.719959397835611	-6.57050211804498	5.01458708042251e-11	3.29345138572265e-09
ENSG00000183873	9.10738042031058	-6.25992208929315	1.69294105753737	-3.69766097964399	0.000217595228114711	0.00258889048614493
ENSG00000183876	963.861941880416	-7.3697416351722	1.93876999864544	-3.80124596539105	0.000143970296054745	0.00182205763958018
ENSG00000183943	5087.28556769737	-1.32744690754536	0.395591285229924	-3.35560199910327	0.00079192447369873	0.00747327104727979
ENSG00000183971	27.7500627217214	-2.01620746636681	0.60412147503632	-3.3374206176756	0.000845598730671645	0.0078899692212141
ENSG00000184005	337.067971747508	-5.16625798188796	1.09303671441306	-4.72651825301418	2.28402269590862e-06	5.33746939325103e-05
ENSG00000184022	23.6153280403743	-5.19736377773819	1.25867756829877	-4.12922571168321	3.63986944424334e-05	0.000570608214704865
ENSG00000184304	28.6374516883273	-5.52818479211185	1.47823535969001	-3.73971895332766	0.000184226117817849	0.0022493815644806
ENSG00000184305	1875.35096538348	-8.56418350866837	1.12999095358911	-7.57898413386986	3.48271092748469e-14	3.54539972417942e-12
ENSG00000184524	29.8307628041293	-4.74783837735507	0.819349280385191	-5.79464520323131	6.84657657430231e-09	2.95801165098769e-07
ENSG00000184557	1884.36092941311	-4.49029096767648	0.780212215187999	-5.75521746553854	8.65303302352284e-09	3.69922839598793e-07
ENSG00000184682	20.2763615381149	-5.80949861484972	1.60161438008951	-3.62727675717112	0.00028642623556817	0.0032670241771249
ENSG00000184986	80.5729799535413	-3.08908572352971	0.796161316599646	-3.87997464725238	0.000104467353227812	0.00138338556859724
ENSG00000185156	9.50959289995862	-5.97381853272675	1.41826806617152	-4.21205178006475	2.53061513612096e-05	0.000424934632341631
ENSG00000185347	2292.15988302191	-2.84075940847574	0.627510785265519	-4.52702881795685	5.98187851946297e-06	0.0001233327054747
ENSG00000185565	105.953640931255	-5.35257695559752	1.49779221846946	-3.57364452131227	0.000352046792047898	0.00385768669141592
ENSG00000185567	108.595322031306	-6.08570564766709	1.13532748303962	-5.36030857931298	8.30799172252686e-08	2.79587952844045e-06
ENSG00000185614	421.473657670458	-5.97414049110344	0.536689540985312	-11.1314643474055	8.81749352995351e-29	3.59048336539707e-26
ENSG00000185666	142.58724780123	-4.91559488824154	1.20612345209128	-4.07553213538668	4.59092414850546e-05	0.000694953276309079
ENSG00000185689	560.117474080581	-5.14640416366977	1.16141541470432	-4.431148492187	9.3732511360885e-06	0.00017793882809395
ENSG00000185897	18.9106240332495	-3.14653518659036	0.892244139742978	-3.5265406029977	0.000421026602735817	0.00446463626651106
ENSG00000185955	71.8401318296067	-2.32552402514835	0.575221053104605	-4.04283538058445	5.28086980824613e-05	0.000773514455366124
ENSG00000186283	7811.39092010064	-1.82895070937175	0.471420501615447	-3.87965882498612	0.000104603081466092	0.00138405766930927
ENSG00000186472	108.740846366247	-4.08364256119285	1.11802353823663	-3.65255508630315	0.000259643873624931	0.00300788009502338
ENSG00000186642	132.694827936731	-3.49536439806951	0.771709672965687	-4.52937745957855	5.91577321564392e-06	0.000122434706653632
ENSG00000186714	649.32310813325	-2.63049177135475	0.803587243326342	-3.27343644787862	0.00106248280216467	0.00944635364719333
ENSG00000186891	205.539273235529	-4.87258343359911	0.832290026866636	-5.8544296775286	4.78649683670716e-09	2.17165628067649e-07
ENSG00000186919	353.342825396348	-2.67385910692706	0.6568605252836	-4.07066493419227	4.68791364918435e-05	0.000707006828869581
ENSG00000187066	141.42578055827	-3.80504343949229	1.11154607712205	-3.42319901784377	0.000618887473581392	0.00610425068818028
ENSG00000187080	49.8590822612793	-6.68681844504277	1.45820175516459	-4.58566067511557	4.52553086058813e-06	9.78246134646104e-05
ENSG00000187144	198.348220025723	-2.86665924309586	0.747608732966185	-3.83443787731345	0.000125851773380106	0.00162430561395814
ENSG00000187260	162.148645130517	-2.93766077598871	0.82359291153929	-3.56688448240556	0.000361250630609212	0.00394109194331068
ENSG00000187479	15.1697133255528	-2.81867878251132	0.705749917218981	-3.99387759564801	6.50014294422243e-05	0.000918250895711145
ENSG00000187537	7.89581925667087	-8.0887241553966	1.67575062605917	-4.82692593373435	1.38656659064348e-06	3.44274338847576e-05
ENSG00000188032	4.54560625942707	-5.95589870041098	1.59388829408407	-3.73671023403403	0.000186443570618783	0.00227304856155594
ENSG00000188070	855.860699845287	-2.07995495301904	0.496218602435107	-4.19161019520836	2.76981597934787e-05	0.000458017895143331
ENSG00000188343	619.188759837345	-3.00974890652307	0.913069475100889	-3.29629780492937	0.000979681058958319	0.00885993557990575
ENSG00000188372	333.940555815874	-1.78617670617898	0.455263528485491	-3.92339072739034	8.73113760503114e-05	0.00118411964455243
ENSG00000188452	2569.11900419584	-7.26227623646693	1.0510228066419	-6.90972278676853	4.85601690114384e-12	3.78444034860435e-10
ENSG00000188558	12.9825996875698	-5.88854981767973	1.3409334418713	-4.39138113332616	1.12632905798672e-05	0.000208485481351026
ENSG00000188596	1285.07095672086	-4.84810211247882	0.946585242633538	-5.12167514780887	3.02833271280179e-07	8.90351682781868e-06
ENSG00000188677	2845.88616321236	-1.27262450345245	0.371067152546886	-3.42963394824242	0.000604396027871145	0.0059844392109211
ENSG00000188729	4.36483488395883	-23.3156408879759	2.22717176195126	-10.4687214907703	1.20256166761451e-25	3.91746488842102e-23
ENSG00000188833	5.71013001592708	-5.04375837166292	1.02116554189264	-4.9392171638643	7.84368217396635e-07	2.07736415039941e-05
ENSG00000188859	10.159361658234	-4.18884804012721	1.06114949908106	-3.94746267491499	7.89838270058703e-05	0.00108017512533301
ENSG00000188886	177.877006279601	-2.5569961065966	0.724884385194686	-3.52745369995775	0.000419577134629568	0.00445506673327667
ENSG00000188958	65.09993333111	-4.75087556889322	0.67207703051664	-7.06894500655842	1.56115996202358e-12	1.28425118492122e-10
ENSG00000188981	270.089512300632	-1.71849645957604	0.486436327658609	-3.53282919441436	0.000411138006766448	0.00438834590708513
ENSG00000189159	3312.88818745825	-1.23028224875541	0.299771825547344	-4.10406230308362	4.05958059892761e-05	0.000627347711530673
ENSG00000189292	20.2766473156529	-6.29682666330485	1.43804692049972	-4.37873519531385	1.19370069260338e-05	0.000219943403632623
ENSG00000189337	51.7572104932603	-6.72797271457166	1.26489290400512	-5.31900581722644	1.04335800068895e-07	3.40106029677088e-06
ENSG00000196071	72.9273085979749	-7.18112036784084	1.10850463720734	-6.47820507628388	9.28201433684785e-11	5.7925459585662e-09
ENSG00000196132	39.4264538700947	-4.88179750452006	1.21108042817374	-4.03094409830534	5.55532565527314e-05	0.000802885042352164
ENSG00000196240	12.2463101492506	-6.37371867204508	1.21777777602017	-5.23389307766406	1.65976487755357e-07	5.16907271999857e-06
ENSG00000196277	36.1027063532379	-16.9058487505554	3.9572626072044	-4.27210686492665	1.93634734939074e-05	0.000334456263275465
ENSG00000196418	1970.56921575691	-1.75581552839561	0.537279421385066	-3.26797464877634	0.00108320067665177	0.00959389484573357
ENSG00000196482	73.7370149400913	-6.04147703510419	1.08311907492541	-5.57785120303626	2.43507805530485e-08	9.51140320498931e-07
ENSG00000196539	5.17110769026552	-6.28313222959542	1.17329234268272	-5.35512932371917	8.54952457851073e-08	2.87123002752129e-06
ENSG00000196549	7083.47319168194	-3.32525373516673	0.96477024757673	-3.44667939700562	0.000567521629428081	0.00568848756930744
ENSG00000196666	31.5669555028675	-2.80846053985835	0.851366973553541	-3.29876613387533	0.000971107788560319	0.00881192404460751
ENSG00000196890	799.029434865575	-6.10388635795083	1.2378816903531	-4.93091254642415	8.18463718152857e-07	2.15365703413146e-05
ENSG00000196936	19.8580917150014	-4.68160254518486	1.32996074900518	-3.52010579912732	0.000431374690966688	0.00455205819625937
ENSG00000197121	415.540392401267	-2.9360165528333	0.61315708252115	-4.78835951916452	1.68150209188632e-06	4.08171476492465e-05
ENSG00000197599	379.179516556785	-2.36318681013814	0.440132397179056	-5.36926348817886	7.9058842178986e-08	2.68833073363533e-06
ENSG00000197614	4.15788683141813	-4.9734156375808	1.42615034220602	-3.48730108628501	0.000487921724108884	0.00504909087819918
ENSG00000197721	299.392956270944	-4.5680040745873	0.704601326256273	-6.48310456475902	8.9854177171578e-11	5.6507522693848e-09
ENSG00000197734	47.1047824386062	-1.58237604423813	0.46807804011296	-3.38058167363771	0.000723325744634117	0.00693031160505912
ENSG00000197837	5448.20291622929	-2.9573962891466	0.847720955944371	-3.48864360189377	0.000485477972502044	0.00503339606372584
ENSG00000197872	5720.76433542335	-3.42038879159316	0.794965225381506	-4.30256403976879	1.6883284980626e-05	0.000296900135187196
ENSG00000197935	23.7029521307635	-20.7220913255179	1.93976505331935	-10.6827841289635	1.2254042439779e-26	4.24667751615148e-24
ENSG00000198046	964.622573229023	-5.85601693675161	1.09488067901552	-5.34854349792448	8.86648680093053e-08	2.96544839863566e-06
ENSG00000198128	9.22663047634628	-4.75225238625389	1.39235021745908	-3.41311569938657	0.000642246693015553	0.00627529342281783
ENSG00000198216	76.2041725734762	-3.80792295448879	0.799759102545881	-4.76133743569406	1.92314179171487e-06	4.59590909195136e-05
ENSG00000198355	8481.08517858729	-2.06443214492592	0.576414817424354	-3.58150429607381	0.000341621519388936	0.00378011637758627
ENSG00000198363	2759.94416568489	-4.46199200407671	0.874484594661819	-5.1024249384316	3.3532876253353e-07	9.68410440451444e-06
ENSG00000198569	2.78651152783942	-3.7711286075177	1.11851333517289	-3.37155444546827	0.000747452630680316	0.00711959558393041
ENSG00000198680	118.582615568707	-4.73437905393086	0.909783721979436	-5.20385113467425	1.95200393566322e-07	5.9989132271854e-06
ENSG00000198742	5361.42283426892	-1.5705890082891	0.470650511269856	-3.33706002794199	0.000846696590919592	0.00789410078586051
ENSG00000198743	7599.79022137641	-1.70849561405368	0.460392651821356	-3.71095326412077	0.000206480226348059	0.00247837135354251
ENSG00000198780	1500.44565240608	-4.59170732250552	1.03887759714754	-4.41987327006861	9.8758799514618e-06	0.000185963390346138
ENSG00000198805	4229.77398940567	-1.56785846006407	0.385315005310385	-4.06903037373565	4.72091933407482e-05	0.000710012318683386
ENSG00000198835	80.517793801909	-3.74072528398369	0.773427377141417	-4.83655659799552	1.32107669068402e-06	3.2851446012002e-05
ENSG00000198846	5003.87350046393	-4.00190454879365	0.825035754796391	-4.85058317233933	1.23099000329731e-06	3.11991039817205e-05
ENSG00000198945	5189.78997534968	-1.26664636134788	0.343195603775933	-3.69074180266847	0.000223601018233549	0.00265066476345563
ENSG00000198959	435.4663794132	-4.02447137634791	0.728280075674438	-5.52599406570469	3.27625205090796e-08	1.2267492736825e-06
ENSG00000203661	5.75370883811705	-6.13426272738924	1.0814454008397	-5.67228148792924	1.40908193458181e-08	5.81041178492876e-07
ENSG00000203710	11943.6252709892	-4.13599296705661	0.674835721487353	-6.12888861001726	8.84950528083251e-10	4.57589657187936e-08
ENSG00000203818	129.304481394218	-3.33901392631714	0.930968529105796	-3.58660236294378	0.000335014589757126	0.00371711010760495
ENSG00000203995	535.960178361956	-4.34184975051171	1.16771449949687	-3.71824598596872	0.000200610876064981	0.00241504061296852
ENSG00000204052	19.8068838864057	-2.69135348976834	0.664821876459561	-4.04823244400569	5.16058823486287e-05	0.000759721183598406
ENSG00000204161	728.702926830589	-4.79138301110186	1.08097275008501	-4.43247344646297	9.31581783548132e-06	0.000177261730028411
ENSG00000204178	4453.47423309252	-1.1032329497847	0.310616382898631	-3.55175390135408	0.000382672591510651	0.00414702007353659
ENSG00000204186	4609.64761625611	-1.86650856130296	0.542777060411111	-3.43881253914679	0.000584271670957343	0.00582056084192856
ENSG00000205086	7.58984765451691	-6.31794063782597	1.52705830712277	-4.13732770278432	3.51374112692962e-05	0.00055564869393621
ENSG00000205572	1368.08225384953	-1.22805805100608	0.338635365009012	-3.62649084502263	0.000287299000453604	0.00327468587780847
ENSG00000205795	245.327705117246	-4.02784041648512	0.813958241912264	-4.94846075521314	7.48026681937119e-07	1.99735386809702e-05
ENSG00000206579	28.4647921852927	-18.1729131856416	2.42813768963412	-7.48430093697856	7.19289664840223e-14	7.05770485597443e-12
ENSG00000211455	3507.2663587269	-1.18741231813039	0.30484583827157	-3.89512392513816	9.81485361613491e-05	0.00130929021866999
ENSG00000213047	4348.49473855242	-1.73505510958933	0.379276247277934	-4.57464742925987	4.77022605046227e-06	0.000102233476197276
ENSG00000213085	914.764950247082	-3.26940005781486	0.785677984874427	-4.16124687309063	3.16514696167104e-05	0.00050959438332452
ENSG00000213214	75.6062160757065	-4.0341718322134	0.891459021216504	-4.52535869423172	6.02931560043232e-06	0.000124153593552265
ENSG00000213889	129.012807181514	-2.88179809371596	0.591547412723391	-4.87162657080794	1.10683220459091e-06	2.82571833046657e-05
ENSG00000213901	309.071994744649	-1.9298207395424	0.408388870526878	-4.72544890131964	2.29607568164166e-06	5.35794852472483e-05
ENSG00000213977	1812.53444032424	-1.1664141272884	0.32743769865673	-3.56224751173568	0.000367693476301446	0.00400333645855479
ENSG00000214215	353.599927804852	-2.49508336187047	0.572189231630863	-4.36059125887243	1.29711469285293e-05	0.000236060381197637
ENSG00000214595	18545.5855380779	-2.96082622882223	0.769338823735859	-3.84853349067275	0.000118827053632305	0.00154096739614888
ENSG00000214756	13660.9029662525	-6.18427929431447	0.8496795301872	-7.27836681313478	3.37885580854763e-13	3.05748907831244e-11
ENSG00000215021	30413.9759898158	-1.77880921731539	0.279058003059503	-6.37433507662597	1.83758438197859e-10	1.08838452413335e-08
ENSG00000215568	3.35170471517473	-6.39327952822289	1.49688681551041	-4.27105073140944	1.94554140194419e-05	0.00033568833003037
ENSG00000215910	94.7264915743903	-5.24724688240885	0.95217761251331	-5.51078581711089	3.57235209644219e-08	1.32845824079567e-06
ENSG00000218823	4.63759927297466	-5.87866630873468	1.40807058278748	-4.17497984873528	2.98012432143232e-05	0.000486375400275448
ENSG00000219607	87.9195348097512	-4.287613776293	0.638320387176215	-6.71702465161802	1.85472601689491e-11	1.30778256983482e-09
ENSG00000222046	13.1221131958913	-3.25017592313923	0.96939994632796	-3.35277089239662	0.000800069045680589	0.00753641074869278
ENSG00000224383	332.030540159623	-4.36846151937562	1.17354703825385	-3.72244262648012	0.000197304751100855	0.00238447827396328
ENSG00000225526	9.0094154694627	-4.36733296308606	1.2628803065421	-3.45823190088716	0.000543733139615906	0.00548379280375472
ENSG00000232040	78.6805518574338	-5.8436279501933	1.32551433568964	-4.40857393454971	1.04053499247729e-05	0.000194807286867473
ENSG00000234965	715.625321932653	-4.17919559042649	0.488334575107919	-8.558057945217	1.14784671154225e-17	1.54513448244629e-15
ENSG00000235162	1600.56150142243	-4.07966394857665	0.814413642176825	-5.0093266336652	5.46208039867095e-07	1.49523303417735e-05
ENSG00000240204	36.046530451243	-2.62129201188366	0.792624514748515	-3.30710438941615	0.000942657565859392	0.00860760384655596
ENSG00000240891	398.760236429195	-2.33486380597072	0.67637035980286	-3.45204926876343	0.000556346129266661	0.00559713758708794
ENSG00000243284	11.5332643500945	-3.08009083291679	0.67547235717201	-4.55990656051739	5.11763869678465e-06	0.00010825467414705
ENSG00000243896	17.9892678973211	-5.11298198174465	1.12415946251953	-4.54827108805822	5.40884339405633e-06	0.000113676440261148
ENSG00000247077	2764.99718708918	-1.02570064298552	0.267457804031042	-3.83499986736779	0.000125564362208384	0.00162188130979394
ENSG00000248746	21.3197209637825	-2.50076886664758	0.613664926761464	-4.07513735524215	4.59871952893288e-05	0.00069548694231438
ENSG00000253293	564.023404296032	-4.93829645865636	0.835816786234025	-5.90834802553685	3.45555391004205e-09	1.62201908031023e-07
ENSG00000254553	447.205242788907	-2.69227843571911	0.768696476861207	-3.50239465999949	0.000461096071605782	0.00481603880555169
ENSG00000255275	1075.71892486726	-2.40701391198939	0.676865659825414	-3.55611763877966	0.000376375597847364	0.00409239368340312
ENSG00000256029	66.3395801387336	-3.24181255829045	0.857452863242816	-3.7807472541758	0.000156358347228508	0.0019575440120353
ENSG00000257594	3225.46721454109	-1.66575571561673	0.485990194314576	-3.42755005163438	0.000609054016972966	0.00602323729718012
ENSG00000257950	18264.6326529727	-1.95342113921994	0.363686963340858	-5.37116074020267	7.82314356706769e-08	2.67134931698949e-06
ENSG00000258130	125.319386280602	-2.7368281675344	0.524697480264136	-5.21601164571377	1.82816686773711e-07	5.65031915402316e-06
ENSG00000258150	110.304792608723	-2.64980956299433	0.652781390975188	-4.05926026634396	4.92284198235796e-05	0.000735626148703178
ENSG00000258484	28.5578711804296	-3.04165392067817	0.823211985318115	-3.69486107457823	0.000220007046027169	0.00261186207411847
ENSG00000259075	3259.60885493795	-1.61198384544124	0.438108239046361	-3.67941915210285	0.000233765782491999	0.00274716959973281
ENSG00000259399	3034.79200919985	-1.06314122419423	0.278722025447188	-3.81434234516811	0.000136546072774495	0.00174026794471907
ENSG00000260001	17.3615055678723	-2.99336445171149	0.704734748487411	-4.24750511896315	2.16164227580566e-05	0.000367908353065022
ENSG00000260220	140.982335042139	-6.18783426896218	1.14143351325902	-5.42110792883124	5.92307840973714e-08	2.0882056523333e-06
ENSG00000262246	15682.4957768319	-1.90812927869844	0.469013467979215	-4.06838909534896	4.73392835860358e-05	0.000711312039713424
ENSG00000264813	122.922627127765	-4.05466221562581	1.11636683757391	-3.63201599972051	0.000281215681346611	0.00321434457387621
ENSG00000266733	56.084598695288	-2.1844039948959	0.529689524587455	-4.12393278231661	3.72457629912025e-05	0.000583325949616064
ENSG00000269858	8878.72256171775	-1.1724285333145	0.342544308660222	-3.42270621251938	0.00062001049266545	0.00610425068818028
ENSG00000271605	1626.07309249166	-3.56685426976793	0.644775818259561	-5.5319293446766	3.16727491956581e-08	1.19142202978956e-06
ENSG00000274286	77.7799365862554	-3.19164764606167	0.861763046097088	-3.70362556217349	0.000212539906359164	0.00253801319265254
ENSG00000275183	279.135452941405	-2.12497838035834	0.415757800840333	-5.11109683585809	3.20293744380533e-07	9.34936291840524e-06
ENSG00000275763	10.7699706358391	-4.69332413428303	1.09283932218946	-4.29461498958525	1.7499676139726e-05	0.000306818864331385
ENSG00000276180	1051.64406582774	-3.61289159479159	0.867743411965476	-4.16354828509528	3.13339724626916e-05	0.000505815404828862
ENSG00000276231	177.842092671989	-4.8368498416196	0.868005017940446	-5.57237543752478	2.51289154392023e-08	9.74523273032683e-07
ENSG00000277443	7414.49460255198	-3.74046778727888	0.70735341423504	-5.28797587175566	1.23677287139387e-07	3.93448369712176e-06
ENSG00000278899	37.5944042000811	-2.26202888954808	0.615832514176523	-3.67312351568967	0.00023960359347302	0.00280767146078313
ENSG00000278919	32.0013412836167	-4.1302405646978	1.01799169450302	-4.05724387242095	4.96552249907427e-05	0.000739967341856557
ENSG00000279073	95.4245288027217	-4.70610452244001	1.01807590707576	-4.62254777834537	3.79055469067382e-06	8.33205867769166e-05
ENSG00000279473	728.793227993504	-5.10367539297998	1.06181642774767	-4.80655154658505	1.53555905071407e-06	3.77242621689756e-05
ENSG00000279644	1170.34554430406	-3.81537788550013	0.879983171668545	-4.33573960086731	1.45270837722001e-05	0.000261455403847066
ENSG00000281137	59.6163113283564	-5.15499466903407	1.30016102611186	-3.96488939870017	7.34299859425458e-05	0.00101575934403252
