baseMean	log2FoldChange	lfcSE	stat	pvalue	padj
ENSG00000000460	2051.36222597499	1.43894057857254	0.365367182211201	3.93834106791988	8.20469125816096e-05	0.00278656870722868
ENSG00000002016	1815.89339977933	1.16698075629586	0.305784381986966	3.81635173357416	0.00013543939769982	0.00433353779435679
ENSG00000003249	1239.30595467664	4.0842630619918	0.869119607673273	4.69931068857809	2.61041073414719e-06	0.000133947205906364
ENSG00000004846	16.443762840169	15.7721953678537	2.39076428976751	6.59713524890715	4.19178341878772e-11	5.10058257616029e-09
ENSG00000005471	4938.32880612459	2.62981567665697	0.565542892663411	4.65007289592468	3.31817727394876e-06	0.000165151561977257
ENSG00000006468	38.6949859802987	16.594611394538	1.92502326762934	8.62047315146184	6.6678017088307e-18	1.841869092036e-15
ENSG00000006638	431.558430316442	3.90809303742685	0.666668908078965	5.86211984699899	4.56994979395597e-09	4.10195097720791e-07
ENSG00000008513	13646.4899974015	1.6057983707548	0.378477217524212	4.24278740279016	2.20760548746437e-05	0.000881659116849022
ENSG00000010932	182.041767996201	4.97887563578585	1.21999877547412	4.08104969929248	4.48327665068276e-05	0.00165491820063287
ENSG00000026559	598.710591623588	5.29190445924462	1.20160997971926	4.40401174138135	1.06267187835923e-05	0.000453936178142422
ENSG00000030419	2522.62782637611	4.51692961449342	0.681428922385105	6.62861446896541	3.38852301470388e-11	4.1601022552372e-09
ENSG00000035720	10294.298193549	1.26439058268885	0.345287734291864	3.66184621438099	0.000250404167192151	0.00723031126662492
ENSG00000050438	2390.4636962171	2.88749878041676	0.810771261282907	3.56142221401359	0.00036885138945606	0.00997282696385765
ENSG00000056998	38.451792941422	15.9406120877362	2.14946530042106	7.4160825413714	1.20635333331483e-13	1.92250962945769e-11
ENSG00000060138	36805.2632014035	4.14957351608853	0.444514470730084	9.33506958563833	1.00924933957415e-20	3.71717745646711e-18
ENSG00000064692	45.5883174672917	15.3323264903329	2.60279195883648	5.89072301313964	3.84509578299355e-09	3.52091809432791e-07
ENSG00000064989	398.133065755943	8.01542360916279	1.22560808765885	6.53995652433546	6.15367193480224e-11	7.23340132251151e-09
ENSG00000065717	55.5207616194925	3.99369810696012	0.875680377589182	4.56068013988744	5.09881992301521e-06	0.000242142812046
ENSG00000072422	196.677351143485	5.17434036334366	1.26203136060581	4.10000933800873	4.13133468047375e-05	0.0015352632509904
ENSG00000072657	46.4713867335772	14.6688309906611	2.60028752497905	5.64123422881061	1.68835494997186e-08	1.35182584255235e-06
ENSG00000072736	16064.7072427766	1.34707991278573	0.200173518592931	6.72956104411156	1.70175682179191e-11	2.20350918471711e-09
ENSG00000072832	23.24254169455	8.32685258531914	1.95989942483938	4.24861218886349	2.1509891791579e-05	0.000863208103035426
ENSG00000072952	96.1250818636196	2.47697139871369	0.653584044432509	3.78982843876549	0.0001507513667837	0.00471425123221328
ENSG00000073464	2671.83194025079	2.75435681075075	0.490809477223665	5.61186557833229	2.00156898772673e-08	1.55746499542643e-06
ENSG00000075213	62.744118406698	12.5666223138395	2.18719265220296	5.74554888943243	9.16232785680164e-09	7.70844781211322e-07
ENSG00000075673	14.5590296463104	14.7262555937222	2.3712548386395	6.2103217898635	5.28762110040591e-10	5.44329392038059e-08
ENSG00000076716	42.471673414604	5.34142024745528	1.17214968211908	4.55694381778848	5.1903300016036e-06	0.000245111662180973
ENSG00000077238	67162.9940256158	3.09413021871161	0.531546637515568	5.82099481086641	5.84983860585459e-09	5.15719282199117e-07
ENSG00000082293	8946.89132271775	2.71336120793647	0.735762617028381	3.68782151354097	0.000226182210623067	0.00664670914692678
ENSG00000084234	20242.8866794108	2.66022088843696	0.411597000736989	6.46316878809534	1.02532813822653e-10	1.18837682258507e-08
ENSG00000085563	2332.50199727282	3.98589137331767	0.633195342396138	6.2948842267763	3.07629372764375e-10	3.26836488730561e-08
ENSG00000085871	1239.55696136731	2.79635424391332	0.599335351786576	4.66575888703642	3.07480088395927e-06	0.000155371188569332
ENSG00000087266	13374.5230123775	2.27606648927617	0.413072571725327	5.51008865045061	3.5865302166567e-08	2.70196144594855e-06
ENSG00000090376	2532.89639559365	4.73538412101238	1.02081844884307	4.63881126597892	3.5041887092014e-06	0.00017285245138781
ENSG00000091972	6850.50035689352	3.9145165906621	0.495947115930702	7.89301210738178	2.94978985639474e-15	6.1112271349858e-13
ENSG00000092345	65.1581005605454	5.5922555428502	1.18755070149928	4.70906676724623	2.48853551224241e-06	0.000128489057881326
ENSG00000095110	2.25744133843669	15.3995723790315	3.80176811090432	4.05063431798011	5.10789791707954e-05	0.00185247921395353
ENSG00000096696	1055.00777477419	4.98555878464186	0.940711221487896	5.29977603196478	1.15944821314599e-07	7.74866721156515e-06
ENSG00000099194	3116.09328391207	2.7804646271104	0.5973536413592	4.65463744522226	3.24551280063893e-06	0.000162021473366836
ENSG00000099954	260.780036659511	5.8513584654499	1.17112231052208	4.99636836637619	5.84200196921503e-07	3.44574165970711e-05
ENSG00000100154	2089.86929094066	4.38378330934684	0.658501746787869	6.65720832287942	2.79077497948737e-11	3.47776725639276e-09
ENSG00000100422	7519.81044085385	1.65075698166999	0.362931792534741	4.54839453479947	5.40567220036699e-06	0.000252376369151782
ENSG00000100721	26854.0672258625	6.70658642704228	0.70211360703936	9.55199608696133	1.27221061299668e-21	5.40656889738639e-19
ENSG00000101040	12296.1720107676	1.06426194764478	0.239328649065362	4.44686397471004	8.7132973018242e-06	0.000383061510558181
ENSG00000101188	3.47792179654798	15.4235104509948	2.76989652889697	5.56826231236036	2.57292292805823e-08	1.9561295692494e-06
ENSG00000101236	2035.61955847011	2.28551681559337	0.490192108610771	4.66249206269484	3.12403139503441e-06	0.000157379016234955
ENSG00000101746	19.3535538647635	15.8422731926564	2.19080803114757	7.23124663020248	4.78580304466549e-13	7.34443515391535e-11
ENSG00000102755	906.667403848245	3.04268259395679	0.643880049998667	4.72554258198105	2.29501734262734e-06	0.000119992484027462
ENSG00000103489	11429.8907166567	1.85409642686349	0.464198259851409	3.99419081721028	6.4915569261025e-05	0.00229405254782991
ENSG00000103522	10704.6039033888	4.71737111732362	0.483751404505953	9.75164324771604	1.81506107888431e-22	8.35633953373014e-20
ENSG00000103528	2593.52588693299	2.93272841781086	0.556592089316696	5.26908030872527	1.37108973011494e-07	8.98570126627082e-06
ENSG00000103647	431.992966197925	4.68911915794114	0.870790409422193	5.38489986477065	7.24849905878874e-08	5.06905583967783e-06
ENSG00000104205	2107.90163000866	1.89781092264073	0.453106228199226	4.18844589751763	2.80871249354402e-05	0.00109276058375584
ENSG00000104327	23.9496888812288	35.6553561594831	2.27495904212757	15.6729661937728	2.31517767194786e-55	5.48167924783768e-52
ENSG00000104921	32760.8052726423	2.53307667409466	0.548090401699325	4.62164027365009	3.80717768226232e-06	0.000186686872502413
ENSG00000105483	13582.0649191356	1.55713594649307	0.33450645700763	4.65502507910498	3.23941274245775e-06	0.000162021473366836
ENSG00000105767	18.3332583109236	4.54616960541116	0.897344930609419	5.06624537603806	4.05738845851566e-07	2.45427577778973e-05
ENSG00000108018	31.1280147627852	15.1107150906798	1.97728075872046	7.64216969392764	2.13591411090374e-14	3.84789570370854e-12
ENSG00000108405	5087.84282068408	2.3649989258891	0.498838629298352	4.74100999198002	2.12655443702093e-06	0.000111890518219635
ENSG00000109083	3476.16224855207	1.68040635411888	0.441130616475996	3.80931699446058	0.00013935120504064	0.00443302662637921
ENSG00000109099	24.5915227632019	16.9490508383805	1.64241676988148	10.3195797493005	5.74741661992256e-25	2.97680259558114e-22
ENSG00000109458	9341.05719963274	2.17682776907856	0.505799065644191	4.30374019435194	1.67938589837411e-05	0.000692391589046083
ENSG00000109906	1168.59530134308	4.34445332242112	1.10872612611797	3.9184188232603	8.91317364326816e-05	0.0029783657250711
ENSG00000110675	15.7332229964878	13.7239086069833	2.33741462434237	5.87140529714302	4.3211641461321e-09	3.93510849219744e-07
ENSG00000110841	895.318195246466	4.93084778288578	0.577066299012352	8.54468159260889	1.28891143825375e-17	3.39086002819329e-15
ENSG00000111452	139.367187557044	4.36415765216803	1.12920208297871	3.86481544619176	0.000111173227556412	0.00362000996762273
ENSG00000112195	3795.53150778305	3.47018433714649	0.872510301124002	3.97724168147478	6.97192955699204e-05	0.0024481517050336
ENSG00000112761	30.3133561550083	15.8018962650929	2.3605738052726	6.69409116961211	2.17016094347522e-11	2.7882362385394e-09
ENSG00000112769	6.03903849848945	18.0103764291257	3.18262364265565	5.65897148118257	1.52282855499835e-08	1.23118831563623e-06
ENSG00000112936	23.6765883973539	17.0179479807657	2.36544723709719	7.19438916830358	6.27410067340156e-13	9.45335859645068e-11
ENSG00000114204	169.736181765402	7.02049821497267	1.24633298583422	5.63292337984102	1.7718018920202e-08	1.39837355039727e-06
ENSG00000114948	328.096703208648	6.59642732062649	1.25933200465052	5.23803674985379	1.62293750808904e-07	1.03855468181729e-05
ENSG00000115009	5.7736882183447	43.2109363964014	2.43499505565886	17.745800467225	1.85734583501092e-70	6.1567299738942e-67
ENSG00000115457	8.51763232148073	16.4015796123752	1.9532022884279	8.39727646724015	4.56953303401838e-17	1.08193486436887e-14
ENSG00000115963	32.4342138258236	15.6900239704994	2.25238034197065	6.96597447515098	3.26138276747725e-12	4.50451316568067e-10
ENSG00000117322	23512.8715033635	3.70149772284333	0.691485083538527	5.35296828660672	8.65230179734474e-08	5.92575413178478e-06
ENSG00000117525	23.761495420623	19.5639263612956	1.77854425234933	10.9999660314626	3.82275888178385e-28	2.6399335711119e-25
ENSG00000118473	139.675313823128	17.475702139462	2.22065996984621	7.86959839721536	3.55781491871348e-15	7.19112493448258e-13
ENSG00000118523	118.65689783204	5.21817246019229	1.32822823764904	3.92867152819192	8.54164151233479e-05	0.00286825147117361
ENSG00000118596	5029.46145547015	2.02163711362367	0.48964353803253	4.12879361534505	3.64671546194561e-05	0.00138308151181434
ENSG00000118785	581.716419457977	18.8565046562018	2.01989904012852	9.33536987819056	1.00639240562521e-20	3.71717745646711e-18
ENSG00000120156	72.9546949801491	16.4682229070275	2.00725777937493	8.20433881300279	2.31863366389047e-16	5.12387124604274e-14
ENSG00000121570	2981.58416755184	6.61437064116229	0.84539416287489	7.8240079381068	5.11675787756547e-15	9.97707588973765e-13
ENSG00000122591	7070.77275215501	1.84331665000684	0.465150971324791	3.96283521618135	7.40649050262763e-05	0.00256273848832047
ENSG00000122986	13646.5695531803	1.65432036995654	0.459194606317189	3.60265636224355	0.000314981812174785	0.008788734941052
ENSG00000123843	36.0119626933356	3.66814833928378	1.02294426270712	3.58587312428575	0.000335952275316247	0.00921621198031489
ENSG00000124203	6497.62402813278	3.48426488560814	0.7565281751468	4.60559831090499	4.11281622825451e-06	0.00019989975415569
ENSG00000125845	2.478137054386	34.6432066759096	2.62130128088693	13.2160339326534	7.09052622364901e-40	9.03987551005837e-37
ENSG00000126217	1065.17619892919	3.16426451597859	0.771302730200868	4.10249360216129	4.08721160627546e-05	0.00152915226100247
ENSG00000126218	10.041396649209	14.7442449800391	2.64022267923457	5.58447024033354	2.34413651706359e-08	1.81550087073887e-06
ENSG00000126467	50.3921212521129	19.1465116006767	2.03002902739039	9.43164424859952	4.03710036669913e-21	1.59311670184932e-18
ENSG00000126838	40.9506729362351	16.8253204162732	2.04791811172554	8.21581698991689	2.10724622796233e-16	4.77118706855556e-14
ENSG00000127955	2006.13851629858	5.9309899954023	1.44874589609302	4.09387872048301	4.24216264451075e-05	0.00157292178232933
ENSG00000128052	9.11504706970579	14.0653504893516	2.63228624588955	5.34339702276503	9.12206613344351e-08	6.22177465414373e-06
ENSG00000128283	26.5243487079077	21.0823815648427	1.66543546156024	12.6587802718527	1.00041606133291e-36	1.18434970003797e-33
ENSG00000128510	5.52291698299246	40.4034731408346	1.97367426666209	20.4711961965059	3.88955376226292e-93	6.44654640557457e-89
ENSG00000128805	160.0021821838	4.70472549692334	0.943176827041648	4.98816909198257	6.09542076474252e-07	3.58246467215754e-05
ENSG00000128886	9128.82255138587	3.93473489540048	0.671271515059776	5.86161457342651	4.58388022840609e-09	4.10195097720791e-07
ENSG00000129195	36.7216826530009	20.3454890959336	1.30804968586667	15.5540644333043	1.49321260601487e-54	3.09356321651131e-51
ENSG00000130224	30.3261922888838	15.0136896782886	2.69589411726819	5.56909471411374	2.56066270667421e-08	1.95577989402849e-06
ENSG00000130508	2412.35692691083	4.64497848486349	0.854987232878095	5.4328044984103	5.54751763803418e-08	4.03265602336748e-06
ENSG00000130635	387.053850901799	4.35279827640215	1.21383269473481	3.58599524900186	0.000335795071253514	0.00921621198031489
ENSG00000130957	3.65855420126169	15.0898318037077	3.12036000325594	4.83592655589811	1.32526850914404e-06	7.29734228257584e-05
ENSG00000131016	1108.71892650891	5.24699749636139	1.16082437407517	4.52006144386974	6.18216859716755e-06	0.000285412986990125
ENSG00000131781	644.151574568525	1.91648452344332	0.509003752184409	3.76516777178686	0.000166437290198054	0.00511786947633127
ENSG00000132640	773.211857725921	4.10716755971802	0.958662921186652	4.28426662693294	1.83342939646621e-05	0.000746615695750147
ENSG00000132854	10.9626363784035	16.6272246541485	2.42448711558797	6.8580379525408	6.98127146935431e-12	9.33125752686115e-10
ENSG00000132972	51.0374099265706	20.2830528030224	3.2298038327209	6.2799643116205	3.38650756983538e-10	3.57503034792686e-08
ENSG00000133056	11467.7451652386	1.67604551070791	0.470539470924198	3.56196581641908	0.000368088319243627	0.00996845719467955
ENSG00000133121	87.7797130653848	4.31695176252877	1.0034047814365	4.30230335991473	1.69031664705989e-05	0.00069469773705317
ENSG00000133640	17.043292449351	19.2000412402799	2.46571911716599	7.78679173414842	6.87321069969801e-15	1.29450675155449e-12
ENSG00000133687	32.9794167653997	14.8855599352771	2.5613271805167	5.81165891203099	6.18567754098505e-09	5.42441373356012e-07
ENSG00000134115	19.9026609847026	14.6900384013465	2.0101918918578	7.30777915324793	2.71593683040085e-13	4.20691000252932e-11
ENSG00000134215	8837.95656577793	1.95236469021422	0.368750759372366	5.29453740932563	1.19318062621392e-07	7.94207859392353e-06
ENSG00000134757	4.2686629451546	17.0523057316393	2.68448648181206	6.35216673549007	2.12303019418131e-10	2.29981061688634e-08
ENSG00000134909	1462.60313540023	3.92815994734427	0.907589969356576	4.32812181709003	1.50386289020545e-05	0.000624687306823687
ENSG00000134986	11767.7933223665	3.83445565259973	0.845437314548868	4.5354700894008	5.74753236112699e-06	0.000266833617236187
ENSG00000135144	16099.6989437878	3.34549014561529	0.695974148619949	4.80691725727037	1.53275389573701e-06	8.2480074895926e-05
ENSG00000135362	236.596202674519	4.56553502633957	1.18847538399647	3.84150575419334	0.000122281869003422	0.00395068167029768
ENSG00000135547	13.7044989085725	5.43029574909619	1.42683031163487	3.80584551983209	0.000141320572998509	0.00447848408580744
ENSG00000135678	2262.64828631134	3.65692595242563	0.682204057721527	5.36045763878815	8.30113913728497e-08	5.70884149632204e-06
ENSG00000136999	10.4868304214971	15.7138778327033	2.21325694253552	7.0998886440638	1.24857450990955e-12	1.81525209888078e-10
ENSG00000137101	9679.48706234491	3.04901155710389	0.562105472003349	5.42426948137898	5.81920343138459e-08	4.21168024767547e-06
ENSG00000137478	22657.9548378406	1.07167524057235	0.243195852976024	4.40663451887892	1.04989116433851e-05	0.000451971328772635
ENSG00000137673	21.4052862763368	18.9477626709983	2.03536193549437	9.30928418212561	1.28696749486176e-20	4.53834026805082e-18
ENSG00000137747	448.369985042538	1.3300492989553	0.325227381409048	4.08959815496732	4.32121177312495e-05	0.00159865544481636
ENSG00000137834	36.8470698941209	5.70626121724079	1.18548958339566	4.81342164213375	1.48367791592512e-06	8.03610384919704e-05
ENSG00000138411	499.21211434557	3.65781496956426	0.83902986880104	4.35957658431305	1.30314342609786e-05	0.000546792383396101
ENSG00000138413	1390.84379010123	1.95312097493586	0.486580579393846	4.01397231547743	5.97053523721129e-05	0.00212807851659226
ENSG00000138650	25.8491884976444	19.0563893868986	2.91343164363867	6.54087403372145	6.11603305116099e-11	7.23340132251151e-09
ENSG00000138722	1384.00871775492	7.50305052655978	1.25363832829921	5.98502004700113	2.16363211300311e-09	2.04914506519506e-07
ENSG00000139318	1990.84419400949	4.03547176243034	0.71179698934402	5.66941392397481	1.4328681466465e-08	1.16413513051564e-06
ENSG00000139629	2399.81522460861	3.10158892920736	0.672786501155378	4.61006414944561	4.02544738848264e-06	0.000196228720637386
ENSG00000140798	2.55823486323078	14.3550573482591	3.65791866885539	3.92437849164946	8.69539339605428e-05	0.00291146363931724
ENSG00000141293	4652.82576891943	3.54086427949722	0.558064439408164	6.34490218235794	2.22566815968941e-10	2.39533922588911e-08
ENSG00000141338	25.6520357744489	15.2584755205266	1.62129346799717	9.41129772105714	4.90048602688624e-21	1.88885245138634e-18
ENSG00000141639	47.2815190607381	14.1032072360871	3.19339466159993	4.41636838868556	1.00372967015952e-05	0.000435492553749317
ENSG00000141736	819.332030500168	1.42234392058395	0.360199102916032	3.94877141300243	7.85533174456335e-05	0.00268996422178498
ENSG00000141753	5434.36224925323	3.18254600397676	0.801126279748998	3.97258969581412	7.10954515047817e-05	0.00248070739629527
ENSG00000142583	6806.91245631143	3.2984983958369	0.745020424163194	4.42739324836868	9.53787498019521e-06	0.000416315049019708
ENSG00000142910	29.6550226103362	17.1597719310969	1.65765778624376	10.3518181336938	4.10612983938485e-25	2.19532245025692e-22
ENSG00000144218	32228.1394313238	1.41955335041585	0.342942968342866	4.13932776424975	3.48324997630919e-05	0.00132715827832985
ENSG00000144366	61.8740462813195	14.367137682892	3.19349801671315	4.498871647235	6.83150856971972e-06	0.00031277741169761
ENSG00000144445	2379.7507097392	2.27685589992258	0.531676488043792	4.28240847794467	1.84881184476319e-05	0.000751034497919243
ENSG00000144452	61.3077098280348	17.0048536057395	1.68808425254835	10.073462613059	7.23839095580318e-24	3.52850269710241e-21
ENSG00000144642	529.977216186341	6.57294050520912	1.67284518441946	3.92919833014324	8.52295244281259e-05	0.00286825147117361
ENSG00000144648	32.4142083952299	2.91674640610612	0.611641966545907	4.76871530346047	1.85404453992405e-06	9.88068623945378e-05
ENSG00000144792	701.715771274129	2.93103207367298	0.591233963630774	4.95748257707234	7.14124440191118e-07	4.16756988441113e-05
ENSG00000144810	17.9755311048682	16.7409299900237	2.41783732864597	6.9239273427046	4.3929128314999e-12	6.01720142721317e-10
ENSG00000145246	8458.93765821244	2.2728199585884	0.598102459174608	3.80005118475007	0.000144666204295694	0.00456704318094636
ENSG00000145428	277.152480004262	15.8537225659838	2.25461464718695	7.0316772694457	2.04065381711458e-12	2.84216776175269e-10
ENSG00000145715	8612.1257203052	1.36199651694836	0.345742168481924	3.93934162826762	8.17055161292547e-05	0.00278067191853443
ENSG00000146070	17.2863368105098	17.2604712651109	2.31880342591721	7.44369750026718	9.79055493213063e-14	1.57542385869061e-11
ENSG00000146215	1250.60987005355	3.8037894387251	0.538844556231642	7.0591590742357	1.67513222830376e-12	2.37296081640227e-10
ENSG00000147100	308.12391984589	16.6485203075056	2.14551641172237	7.75967977524843	8.51440938891449e-15	1.56981879169658e-12
ENSG00000147117	74.5045868795516	1.90924553730788	0.528321855937632	3.61379245596318	0.000301750636250483	0.00849102724145246
ENSG00000147535	12665.1777205256	1.95453373576108	0.395237373823624	4.94521486379803	7.60599250831486e-07	4.37714304975037e-05
ENSG00000148158	5105.65798946455	1.93617995100522	0.410001052766318	4.72237799864566	2.33102922993535e-06	0.000121492070619335
ENSG00000148288	1355.08236867419	3.13645651924942	0.616905563595771	5.08417609490808	3.69225266990165e-07	2.26649613892407e-05
ENSG00000148513	7.08488096638473	16.754709136408	2.93180768082237	5.7148049805601	1.09829906675396e-08	9.05632275242795e-07
ENSG00000149564	567.252007232581	3.36689518674458	0.735562753731346	4.57730515807805	4.71004139157949e-06	0.000224968951077921
ENSG00000149573	143.061888082982	17.7738433440894	1.75604175600658	10.1215379892269	4.43392769845934e-24	2.22690659618985e-21
ENSG00000150471	6.84484627443723	14.1619479480241	3.68076613930529	3.84755439819847	0.000119302792675188	0.00386951954168017
ENSG00000151135	4746.47963981928	1.62944239431463	0.363557739953847	4.48193564664991	7.3969051136127e-06	0.000335880288638403
ENSG00000151458	587.817034242782	7.53154750330037	1.19008727994035	6.32856734984841	2.47447849110862e-10	2.6459359039764e-08
ENSG00000151572	2.7349932977947	13.1106617108778	3.08462087175972	4.25033164720771	2.13454223412511e-05	0.00086014914949537
ENSG00000151778	129.142324627471	4.47608828245968	1.22990414591622	3.63937978201154	0.000273295487713689	0.00778281686145477
ENSG00000152092	12.0567075172403	15.5825019255557	2.49681009074203	6.24096401377675	4.34882299496196e-10	4.5519720185379e-08
ENSG00000152558	31568.3858935941	1.37184255378771	0.371529355192276	3.69242035552682	0.000222129915901684	0.00653922065036324
ENSG00000152583	92.6625854128518	17.9193569709677	2.19227075930444	8.17387947857914	2.98628137558307e-16	6.51245098933077e-14
ENSG00000152611	149.159881140286	14.5757826546099	3.81102244889122	3.82463836151125	0.000130964181128028	0.00420658980235648
ENSG00000152990	505.389307831202	4.11301050883458	1.09782599514585	3.74650493522714	0.000179315477344786	0.0054332261819241
ENSG00000153246	64.019828436275	17.7801382340321	1.8663608987746	9.52663455696377	1.62464744303854e-21	6.73172668023019e-19
ENSG00000153347	32.8100649079983	16.8717671304862	3.85669329731825	4.37467172777727	1.21615352318635e-05	0.000514197155441086
ENSG00000153404	193.115918177803	18.8279169236262	1.94956352307833	9.65750369287647	4.56860588714938e-22	1.99263352562142e-19
ENSG00000153930	15.3333360240592	13.6739379536112	2.54600500544464	5.37074276145152	7.84129961195359e-08	5.41507082368829e-06
ENSG00000154040	103.455244823281	2.95297185753102	0.779030433317191	3.79057316792743	0.000150300048065739	0.00471405906023255
ENSG00000154269	143.250830721868	4.18432553270689	0.947371317752383	4.4167745574503	1.00184623763659e-05	0.000435492553749317
ENSG00000154646	29.1243106890669	5.90379370802616	1.43454220735077	4.11545486621056	3.86416608473895e-05	0.00145473718398627
ENSG00000154721	408.547282309855	4.46550907268222	0.847505264780954	5.26900452215642	1.37165585879481e-07	8.98570126627082e-06
ENSG00000154856	86.9106158845605	5.05750369001972	1.04768109791245	4.82733123666831	1.3837486293934e-06	7.59412244488948e-05
ENSG00000154914	30.2970776877803	5.07496210715016	1.37906988674556	3.67998906794092	0.000233243952617	0.00680595998358126
ENSG00000155621	782.409304452259	1.17576858937411	0.283336344345603	4.14972739233182	3.32871466366271e-05	0.00127708603785985
ENSG00000155966	5413.80606542346	2.90001959047085	0.732487229982017	3.95914013482808	7.52200931075864e-05	0.00258115491338538
ENSG00000156103	32.4331998475317	16.347702473572	2.18316194942851	7.48808510420005	6.98857087216965e-14	1.14681756074594e-11
ENSG00000157168	18.3356327865927	16.6174573189948	2.21272735575913	7.50994345315251	5.91529086172611e-14	9.80400307422485e-12
ENSG00000158186	20.4921236434866	19.6102253514189	1.73577749039183	11.2976608234458	1.34759797711474e-29	1.06357566060475e-26
ENSG00000158477	237.760994099728	5.01036807668863	1.17955387701079	4.24768056325314	2.15995067053934e-05	0.000864710686316886
ENSG00000158488	27.9249827618805	19.6139983252519	2.07675334756725	9.4445487945057	3.56938808250816e-21	1.44290336779245e-18
ENSG00000158497	19.1355727580945	15.9591795959031	2.09942595851071	7.60168727608962	2.92294385839309e-14	5.04634078218824e-12
ENSG00000160360	168.758436304632	3.81957759913877	0.629694012799824	6.06576769271743	1.31324835966669e-09	1.27285253293074e-07
ENSG00000160961	2663.05999689059	1.35592145052565	0.235568693935867	5.75594926418702	8.61562611553245e-09	7.39872472740077e-07
ENSG00000161638	1376.47262100871	3.14863672427979	0.70901683592309	4.44084902466454	8.9604645478013e-06	0.000392885554008621
ENSG00000161791	15752.3847794285	2.95247506806631	0.487197268096341	6.06012238041219	1.36018019470138e-09	1.31067596203376e-07
ENSG00000162374	59.687886607451	15.469136122857	2.18497064890495	7.07979126887116	1.44371751241366e-12	2.06277362506414e-10
ENSG00000162391	7.20447426379524	15.2960983863532	3.34340102600953	4.57501157275459	4.76193663412511e-06	0.000226794074063188
ENSG00000163534	40988.427465073	1.87788758587346	0.481320970188161	3.90152871407065	9.55871204289692e-05	0.0031621974730334
ENSG00000163554	147.200047823522	6.10093669330026	1.52350337985285	4.00454424583523	6.2137160695708e-05	0.00220527045261384
ENSG00000163638	10.3872413842998	14.2150378300585	2.54661813120931	5.58192752020823	2.37867510101747e-08	1.83235890091079e-06
ENSG00000163697	4427.09876004171	4.44336517585663	0.808178855140271	5.49799731531633	3.8412877769849e-08	2.8706176553199e-06
ENSG00000164035	573.591864898127	12.4240228930873	2.5770520149797	4.82102139222254	1.42825038416288e-06	7.76125307118541e-05
ENSG00000164056	1587.93312480402	6.37344552740689	0.723222026408182	8.81257109806244	1.22307764851226e-18	3.75394239748931e-16
ENSG00000164116	2121.87897677212	7.1810092292483	1.04079948167958	6.89951268774654	5.21812282174522e-12	7.0889481678365e-10
ENSG00000164123	25.3400599065593	13.2660928004144	1.98273886427847	6.69079173229503	2.21966379078447e-11	2.82990058988167e-09
ENSG00000164649	14144.1265825209	1.32213115773247	0.229089728722163	5.7712371702877	7.86916248305336e-09	6.82845544471866e-07
ENSG00000164929	4258.66702031046	6.80476886866301	1.39171479160464	4.88948519460451	1.01100025957469e-06	5.68010789904775e-05
ENSG00000165066	595.35200667138	5.98329588923994	1.00562102394391	5.94985163076075	2.68385664668609e-09	2.52740000353268e-07
ENSG00000165072	100.414181602624	15.4919919302209	1.97971214002506	7.8253760317017	5.06141734244796e-15	9.97707588973765e-13
ENSG00000165091	5.45729800579515	14.389891496112	3.1578107189438	4.55692021367419	5.19091308226871e-06	0.000245111662180973
ENSG00000165209	21134.6116021218	1.15627321109417	0.314441084906474	3.67723324526146	0.000235777432695175	0.00685574591138567
ENSG00000165449	71.0483020209167	22.6953150364653	1.58811159448119	14.2907558356309	2.49882560307719e-46	4.14155355454013e-43
ENSG00000165490	596.510940061068	2.24998615570584	0.598852986282268	3.75715944855506	0.000171853003557659	0.00526486447498085
ENSG00000165617	688.521553346158	3.53725138547679	0.626998518377199	5.64156259034219	1.68513758891867e-08	1.35182584255235e-06
ENSG00000165685	83.0675320146843	14.641720478512	2.04415965851542	7.16270885080746	7.90982280364051e-13	1.17051252810302e-10
ENSG00000165716	620.1335284427	4.62937282296542	1.00996297556461	4.58370547729973	4.56807551908146e-06	0.000218818738882243
ENSG00000165996	650.756995179539	4.22700779828698	1.11647150232473	3.78604181968411	0.000153065925818291	0.00476863656863225
ENSG00000166025	1177.81542806782	3.41381980861228	0.911820765756122	3.74395927008899	0.000181143029879862	0.00546860578730205
ENSG00000166450	71.09710069713	13.5916591306905	1.92602025619102	7.05686198626484	1.70304617357173e-12	2.39205824413371e-10
ENSG00000166963	1443.40353919658	3.63677459023973	0.878978185668563	4.13750267018692	3.51106364619794e-05	0.00133468735945148
ENSG00000168158	29.9376643174725	2.88520755171408	0.621139518432068	4.64502332583372	3.40038032990803e-06	0.000168736238287113
ENSG00000168528	481.968683628897	2.74029587187914	0.674069411883064	4.06530221305239	4.7970261085541e-05	0.00176288050383981
ENSG00000168671	156.52122717628	18.6037617084543	1.68136027953948	11.0647086973827	1.86066450193277e-28	1.40175697522881e-25
ENSG00000168938	3.88694858460051	14.0328975898188	2.45411683679028	5.71810493267806	1.07718619082848e-08	8.92664196339559e-07
ENSG00000169083	61.7084127863738	16.9116365147987	1.91569897881235	8.82791957496536	1.06640691639897e-18	3.33483551554653e-16
ENSG00000169213	74.5662547439262	17.7599096834191	1.70990166988767	10.3865093509066	2.85615391120477e-25	1.57792983081026e-22
ENSG00000169242	381.123789021989	4.41368287861929	1.20359856861838	3.6670722229969	0.000245343515832346	0.00709655049110873
ENSG00000169385	68.6634329034897	17.7894616002375	2.33866134025586	7.60668562567134	2.81214227274179e-14	4.90615221351816e-12
ENSG00000169495	97.0140476106403	2.36368322769078	0.641043337615498	3.68724404263059	0.000226695927954911	0.00665001470783133
ENSG00000169994	1398.57255442225	3.17528848115686	0.883375973242938	3.59449269318492	0.000325024266116226	0.00905370115396695
ENSG00000170423	16.5924063601015	19.3075210191287	2.24348678525733	8.6060328707994	7.56325850480026e-18	2.05497453210753e-15
ENSG00000170558	69.1009948477321	14.7421943116774	1.97465828418741	7.46569390244849	8.28617698354352e-14	1.34642252279657e-11
ENSG00000170581	19861.1681554035	1.16759023089377	0.283750060072496	4.11485456812049	3.87423603984089e-05	0.00145473718398627
ENSG00000170615	24.430193816482	15.2388865287068	2.39110718829191	6.37315073256617	1.85183715764683e-10	2.03260589740653e-08
ENSG00000170819	254.219647955957	3.62535380101685	0.919001112754567	3.94488510481821	7.98382498346983e-05	0.00272832815002122
ENSG00000171467	22546.7299411806	2.66979985089012	0.473581774364887	5.63746325430395	1.72573413447211e-08	1.36853193993975e-06
ENSG00000171634	34658.5724013574	1.09784965530891	0.222642950264889	4.93098772722308	8.18148747191066e-07	4.67586115032577e-05
ENSG00000171657	204.458691182165	4.58018505950446	1.23346506575592	3.71326694744898	0.000204600874741719	0.0060446611372001
ENSG00000171729	5.90670079107051	16.7378350056591	2.14526629845621	7.80221784945957	6.0828520421683e-15	1.15881827295284e-12
ENSG00000171812	135.280188837332	5.0828377136667	0.987544062085006	5.14694777561143	2.64758997160493e-07	1.6558926863917e-05
ENSG00000172264	1053.62770614301	3.58371364734197	0.888382978389257	4.03397378666537	5.48414385651936e-05	0.00197091046579803
ENSG00000172379	18.1256412148909	15.0835697031658	2.29301250432906	6.57805819841321	4.76631682418856e-11	5.68323273698569e-09
ENSG00000172554	40.0192149670817	6.28880794087487	1.54719156869613	4.06466016756713	4.8102496966484e-05	0.00176382916974006
ENSG00000172572	43.1667554541409	17.6104560327678	2.33992226123259	7.52608594077446	5.22839343868792e-14	8.75306998513268e-12
ENSG00000172748	687.194794522598	1.29297210816922	0.334071189851222	3.87034903771573	0.000108679639643118	0.00354578021150596
ENSG00000172985	208.726265046725	8.04761666049771	1.41260111720984	5.69701988937493	1.21919709371771e-08	1.00017684728549e-06
ENSG00000172995	47.0240364153801	21.9789502513032	1.83104130492252	12.0035250937352	3.40479638365557e-33	3.13506084792819e-30
ENSG00000173947	85.2383719412049	2.4373767144137	0.592381427818131	4.1145393828282	3.87953321661597e-05	0.00145473718398627
ENSG00000174236	8.01762291344977	6.95770315974556	1.55351020368284	4.47869807565552	7.5099665440089e-06	0.000339155818802189
ENSG00000174776	598.050813988207	4.43075227910352	0.859368506480004	5.1558234281263	2.52518767121332e-07	1.59134830656615e-05
ENSG00000174944	1388.87170678897	3.95998156282936	0.8884210129461	4.45732541793179	8.29885744698429e-06	0.00036678736887018
ENSG00000174992	6.09759106975003	40.3730680959166	2.43729933657208	16.5646736492773	1.25458969992137e-61	3.46559494774947e-58
ENSG00000176049	650.032738168903	4.28071087233294	1.13978810288115	3.75570762803382	0.000172852390660333	0.00527597702173915
ENSG00000176532	32.3605997624653	36.3053617609896	1.91295267089723	18.9787036100383	2.55830760391082e-80	1.4133796742406e-76
ENSG00000176927	312.459462330074	2.24157945953989	0.439776047495086	5.09709310524679	3.44908717610695e-07	2.12509928835675e-05
ENSG00000177669	23.7366280813266	16.6326684848188	2.55917306039197	6.49923553128968	8.07291858988245e-11	9.42257413441631e-09
ENSG00000177990	349.515978429144	4.01920531575294	0.960844156573385	4.18299397280663	2.87695022020085e-05	0.00111407880723385
ENSG00000178055	28.7426673555986	2.69769668996204	0.746732413723131	3.61266852808974	0.00030306201209161	0.00851347421763787
ENSG00000178568	27.8377244920585	22.0849302373564	2.42414349172839	9.11040551547962	8.20746164176471e-20	2.72060938501217e-17
ENSG00000178662	43.844217406213	16.2626605663691	1.87968376395598	8.6518066912185	5.06904555894526e-18	1.47393615954314e-15
ENSG00000179299	727.092762780604	3.53003037479707	0.947877465107027	3.72414210142499	0.000195980520240756	0.00583694520194692
ENSG00000179855	102.854896321519	3.5648464844787	1.00121335743479	3.56052629342881	0.000370112246894425	0.00999061951144657
ENSG00000180044	6.53283930407272	14.2127627378521	2.86921306419049	4.95354036799707	7.28752311862651e-07	4.20848112084027e-05
ENSG00000180537	9.50161185832551	18.9463733061412	2.21131945508168	8.56790422686414	1.05385386157637e-17	2.81718933899464e-15
ENSG00000181634	41.1736763577371	22.3123054164828	1.82220815937541	12.244652347584	1.79444352482417e-34	1.85881918627723e-31
ENSG00000181982	237.075216002321	18.4528588308523	1.76968563140759	10.4271959399789	1.86305212450698e-25	1.06476641074409e-22
ENSG00000182168	28.1323825756282	31.0553376000916	2.15809966241623	14.3901313460759	5.96824611988633e-47	1.09908567989996e-43
ENSG00000182183	1683.82138255504	2.10544149225314	0.38419054586862	5.48020120456874	4.24842421109459e-08	3.12070373793365e-06
ENSG00000182489	1460.15715696054	2.45057836075887	0.515346765325677	4.75520275985473	1.98247346112048e-06	0.000104641767976468
ENSG00000182568	10735.845076274	3.0751032999711	0.459719846912746	6.68908101449609	2.24576387950685e-11	2.8413198884692e-09
ENSG00000182636	35.929124029809	19.2797836461681	1.64350776493524	11.7308746922335	8.85389655348124e-32	7.3372240738699e-29
ENSG00000182866	8829.80341810702	2.63799554745079	0.735470431120162	3.58681387562105	0.000334743076404674	0.00921621198031489
ENSG00000183044	1655.45392655186	2.17534939997805	0.570454642724031	3.81336084774477	0.000137089726145782	0.00437789040682117
ENSG00000183624	12544.1641874834	2.25872434806394	0.484841315330265	4.65868785651103	3.18231318297816e-06	0.000159829268771758
ENSG00000184194	27.2609413423144	5.3529573394491	1.4130556635701	3.7882140650601	0.000151734089218594	0.0047360466943672
ENSG00000184226	17815.3777612205	4.2417334325054	1.0083450996921	4.20662869666408	2.59208496855455e-05	0.00101803830020908
ENSG00000185271	25.7456534904757	5.00212523683223	0.922702355664521	5.42116881584176	5.92106106259836e-08	4.26676808919588e-06
ENSG00000185532	8.29918587898816	18.5728059558058	2.36571562744026	7.85081932096035	4.13328062411016e-15	8.25361362216889e-13
ENSG00000185666	142.58724780123	6.09805866392259	1.1997180667001	5.08290975453564	3.7169632814483e-07	2.27324536629979e-05
ENSG00000185697	8141.26301411661	3.31670996559571	0.910172589229519	3.64404510182335	0.000268386357995466	0.00766937154727044
ENSG00000186104	2351.94601252679	1.66488268963123	0.401572372671497	4.14590943733367	3.38467594749823e-05	0.00129555702433801
ENSG00000186812	4022.08255553108	1.56474922409078	0.438948062255382	3.56477077504536	0.000364174319730992	0.00987860094144265
ENSG00000186854	1308.24406872429	2.42697080269733	0.481372313594816	5.0417748053956	4.61233886978685e-07	2.76974291405244e-05
ENSG00000187033	86.0313318816117	4.95525326833036	1.32322331800644	3.74483520725428	0.000180512220729244	0.0054595064714717
ENSG00000187210	1810.31973503778	4.83321581285847	0.893342578675104	5.41026021621683	6.29332362865862e-08	4.47663286787073e-06
ENSG00000187862	1545.47740529353	4.19954979863052	0.70691082502508	5.94070659263356	2.8379615805527e-09	2.65742232972206e-07
ENSG00000187912	11047.823987766	1.69883050320471	0.359830077439899	4.72120206096018	2.34454876591605e-06	0.00012181364027051
ENSG00000188883	18.1426649517674	16.6214217921649	2.70485297295838	6.14503707164002	7.99448410933002e-10	8.0303381592749e-08
ENSG00000189056	24.6061730134192	13.8087429350665	2.5588265912608	5.39651377011155	6.79481992026915e-08	4.79222746206557e-06
ENSG00000196136	23.5362316613997	11.9288518277807	3.3259369331371	3.58661395798903	0.000334999700160569	0.00921621198031489
ENSG00000196405	30928.1050321851	1.27288242399445	0.343893818757097	3.70138209693594	0.000214428289419235	0.0063237268128726
ENSG00000196782	1830.00096896339	5.89547519001067	1.00525049547907	5.86468270000808	4.4999237333603e-09	4.07550469708818e-07
ENSG00000197381	5617.28312625624	2.57113629770216	0.636019841302093	4.04254101953549	5.28750589216928e-05	0.00190818403680364
ENSG00000197520	606.551865853124	3.16033924692681	0.778656451397962	4.05870810066864	4.93449483330614e-05	0.00180141668209727
ENSG00000197594	135.967540383342	5.30470257916692	1.32417483978174	4.00604393000043	6.17441704549051e-05	0.0021960254959648
ENSG00000197702	5.21434381028214	17.2752889936667	2.02972342749097	8.51115416006282	1.72210494291967e-17	4.39110266522318e-15
ENSG00000198300	74.6906074087343	5.73139151641501	1.46970652134331	3.8996843473053	9.63181775286384e-05	0.00318003480948138
ENSG00000198369	4263.02158051411	3.55481064782888	0.734121487842125	4.84226481134326	1.28367530570724e-06	7.09187817226392e-05
ENSG00000198520	2009.74117713857	2.50476499615744	0.508116809310671	4.92950626757554	8.2437691039876e-07	4.69526560582442e-05
ENSG00000198556	2137.97039270924	1.29839935601784	0.360273082667655	3.60393106918729	0.000313440216178557	0.00876046904374942
ENSG00000198598	1684.66652691901	4.65845820084609	0.57539885128504	8.09605057507907	5.6772228073783e-16	1.2063370616601e-13
ENSG00000204740	409.772809524518	18.6930091093114	2.20590914775143	8.47406119529715	2.36982839378811e-17	5.86231877591702e-15
ENSG00000204852	3863.60407536157	1.70238151880685	0.454831883997397	3.74288078453312	0.000181922551855072	0.00548215340808358
ENSG00000204952	12.0005176626924	16.8661617084831	2.00398599942867	8.41630715648291	3.88537768717292e-17	9.47003673341236e-15
ENSG00000205221	12.1923560429045	16.4672418330778	2.64677943600854	6.22161469484254	4.92064246821849e-10	5.09717051676583e-08
ENSG00000205420	8.73046026529643	30.7601161170945	2.26203833132926	13.5984062210912	4.09254682317876e-42	5.65248925394707e-39
ENSG00000205929	6.03833818128496	15.7037882231604	2.7309296694819	5.75034516584223	8.90614344433006e-09	7.53114395134319e-07
ENSG00000212657	19.9644410692581	5.99117276958574	1.39810482857708	4.28520998363422	1.82566667654593e-05	0.000745285701898332
ENSG00000213231	459.750628809647	7.58748295405198	0.784958651526869	9.66609252511979	4.20113063919463e-22	1.88187943821653e-19
ENSG00000213988	923.408991932976	1.1908271751745	0.316064891690441	3.76766672440422	0.000164780487590511	0.00507634163815081
ENSG00000215045	78.3831972806122	2.35879248999286	0.600341809711479	3.92908248573673	8.52705887526998e-05	0.00286825147117361
ENSG00000237289	13.9658948179843	15.9168058355539	2.46973762358089	6.44473553934688	1.15802162082339e-10	1.32365864438116e-08
ENSG00000239998	467.075889448409	2.18210690688486	0.610386191550761	3.57496112639926	0.000350279937351198	0.00954858500272822
ENSG00000242220	60.3823964838921	2.11751558917102	0.53884299189602	3.92974506677751	8.50359702613062e-05	0.00286825147117361
ENSG00000242550	47.6010119146159	19.0479865452939	2.20710272450065	8.630312641929	6.11844992800449e-18	1.7187659170635e-15
ENSG00000248905	282.714368204457	4.82510573621873	0.939179302402847	5.13757673734283	2.78303836844262e-07	1.73406307964541e-05
ENSG00000250349	134.748501940781	16.7213919458168	1.83766519551328	9.09925920490991	9.09500451395906e-20	2.95569813361485e-17
ENSG00000255833	35.3813799171779	15.6858185239976	2.05405601988786	7.6365096044722	2.23189614929252e-14	3.97757492240583e-12
ENSG00000256660	10.9448120678683	17.8528585344112	2.51902437950267	7.08721149333852	1.3684118011951e-12	1.97217888634849e-10
ENSG00000256713	5.3510096039523	16.1959767876749	3.49588031574531	4.63287507719552	3.6062216432564e-06	0.000177357618739856
ENSG00000258227	9.64914794825071	17.1309133810079	2.66423388601286	6.42995852238974	1.27638769498157e-10	1.42938173355571e-08
ENSG00000262560	8404.38784991047	3.96879708878843	0.69391040987044	5.71946613328577	1.06859270063e-08	8.89992734685512e-07
ENSG00000266074	315.590030735171	6.56272227027011	1.20129005555974	5.46306218044251	4.6799057997786e-08	3.41694972359165e-06
ENSG00000267110	21.0964291718679	15.0945628860507	2.83061243457308	5.33261378410053	9.68090697035183e-08	6.5758750871562e-06
ENSG00000270024	1625.88488452909	1.83000313029784	0.285472044974815	6.41044600517462	1.4509453582945e-10	1.61395760861565e-08
ENSG00000274443	23.5896800489828	4.56912378607649	0.938985497310724	4.86602167888914	1.13867033112999e-06	6.37578448248256e-05
ENSG00000274897	84.1806752671778	3.116067031169	0.713850010442661	4.36515652529965	1.27031762830144e-05	0.000534371684555026
ENSG00000275302	373.751546542113	5.18697634228255	1.13102362098927	4.5860901983158	4.51623552172905e-06	0.000216962572571412
ENSG00000275395	2682.38046561522	3.18653953054135	0.89387532366299	3.56485904262723	0.000364051786267148	0.00987860094144265
ENSG00000279968	133.184157256212	2.41216060575635	0.61953894153257	3.89347697787862	9.88175844457551e-05	0.00324960842183323
